"","V1","V2","V3","V4","V5","V6","V7","V8","V9","V10","V11","V12","V13","V14","V15","V16","V17","V18","V19","V20","V21","V22","V23","V24","V25","V26","V27","V28","V29","V30","V31","V32","V33","V34","V35","V36","V37","V38","V39","V40","V41","V42","V43","V44","V45","V46","V47","V48","V49","V50","V51","V52","V53","V54","V55","V56","V57","V58","V59","V60","V61","V62","V63","V64","V65","V66","V67","V68","V69","V70"
"1",1,0,0.183098591549296,0.204368174726989,0,0.0015748031496063,0.00163398692810458,0,0.342229199372057,0,0.592307692307692,0,0,0,0,0.00477707006369427,0,0.475590551181102,0.737007874015748,0.56661316211878,0.466463414634146,0,0.00154798761609907,0,0,0,0.330757341576507,0.00943396226415094,0,0,0.173978819969743,0.00155038759689922,0,0,0,0,0,0,0.66347687400319,0,0,0.124031007751938,0.136150234741784,0,0,0.206201550387597,0.00784929356357928,0.0157728706624606,0.487692307692308,0.721875,0,0,0.287480680061824,0,0,0,0.647149460708783,0,0.236507936507937,0,0.00155038759689922,0,0.893129770992366,0,0,0.571870170015456,0.265648854961832,0,0,0.0109034267912773
"2",0,1,0,0,0,0.0142857142857143,0.0960912052117264,0.0476973684210526,0,0,0,0.042654028436019,0.457547169811321,0,0,0,0.447900466562986,0,0,0,0,0.428571428571429,0,0,0.0811638591117917,0.402799377916019,0.0390625,0,0.00154083204930663,0.47906976744186,0.00303951367781155,0,0.00314465408805031,0.00154798761609907,0.912974683544304,0.915384615384615,0,0.466666666666667,0,0,0,0,0,0.0704441041347626,0,0.00156494522691706,0.0498442367601246,0,0,0,0,0,0,0.868878357030016,0,0,0,0.700626959247649,0,0,0.486068111455108,0,0,0,0.413249211356467,0,0,0.40453074433657,0,0.0839813374805599
"3",0.183098591549296,0,1,0.0231839258114374,0.00310077519379845,0,0,0,0.0158982511923688,0.0218408736349454,0.0366412213740458,0,0,0.00310077519379845,0,0.584126984126984,0,0.0539291217257319,0.311605723370429,0.0544871794871795,0.0500758725341426,0,0,0,0,0,0,0.0791139240506329,0,0,0.0060882800608828,0.0078003120124805,0,0,0,0,0,0,0.237795275590551,0.534700315457413,0,0.992236024844721,0.049079754601227,0,0.0632911392405063,0.010752688172043,0,0.666139240506329,0.00458715596330275,0.0614173228346457,0.0735524256651017,0.0699523052464229,0.111464968152866,0,0.00321027287319422,0,0.328746177370031,0,0.984076433121019,0.0125984251968504,0,0,0.128682170542636,0.0271132376395534,0,0.0653188180404355,0.0890937019969278,0,0.0203125,0
"4",0.204368174726989,0,0.0231839258114374,1,0.00153374233128834,0.200315457413249,0.391803278688525,0.0503246753246753,0.66407465007776,0,0.228787878787879,0.00782472613458529,0,0.00924499229583975,0.00298507462686567,0.0267295597484277,0.0015600624024961,0.226502311248074,0.135860979462875,0.279106858054226,0.221036585365854,0,0,0,0.224615384615385,0.00308166409861325,0.340523882896764,0,0,0,0.712121212121212,0,0,0,0,0,0,0,0.464342313787639,0.0186046511627907,0.00778816199376947,0.0294117647058824,0.0906298003072197,0.13089802130898,0.00157232704402516,0.699537750385208,0.424615384615385,0.0362204724409449,0.450155763239875,0.211180124223602,0,0,0.584639498432602,0.0543478260869565,0.0141287284144427,0,0.433130699088146,0,0.0631911532385466,0,0.00154320987654321,0,0.154191616766467,0.00157728706624606,0,0.263406940063092,0.351145038167939,0,0,0.419003115264797
"5",0,0,0.00310077519379845,0.00153374233128834,1,0,0,0.61637239165329,0.0287081339712919,0.151840490797546,0,0.0347551342812006,0,0.962323390894819,0.708708708708709,0.221528861154446,0,0,0,0,0,0,0.645896656534954,0.646592709984152,0.0015552099533437,0,0,0.0901771336553945,0.231839258114374,0,0.0453857791225416,0.222222222222222,0.15552099533437,0.147465437788018,0,0,0.392857142857143,0,0.032,0.213500784929356,0.7008,0.0154559505409583,0.109737248840804,0,0.441497659906396,0.0215384615384615,0,0.009375,0,0,0.100313479623824,0.111287758346582,0,0,0.939297124600639,0.598726114649682,0,0,0.0062992125984252,0.132398753894081,0,0.391304347826087,0,0.636655948553055,0,0,0,0,0.212732919254658,0.0077639751552795
"6",0.0015748031496063,0.0142857142857143,0,0.200315457413249,0,1,0.767827529021559,0.0860927152317881,0.23444976076555,0,0,0.651685393258427,0,0.00625978090766823,0.0334855403348554,0,0.348580441640379,0,0,0,0,0.389857369255151,0.0233644859813084,0.0064,0.874003189792663,0.387147335423198,0.004739336492891,0,0.276295133437991,0,0.351681957186544,0,0.389423076923077,0.338607594936709,0,0,0.244131455399061,0,0.114147909967846,0,0.0191693290734824,0,0,0.88062015503876,0,0.347826086956522,0.741157556270096,0,0.0904761904761905,0,0,0,0.00318471337579618,0.0762987012987013,0.0144927536231884,0.00985221674876847,0.015625,0,0.00158478605388273,0,0,0.236421725239617,0,0,0,0,0,0,0,0.4432
"7",0.00163398692810458,0.0960912052117264,0,0.391803278688525,0,0.767827529021559,1,0.138169257340242,0.360330578512397,0,0.00484652665589661,0.408866995073892,0,0.00495049504950495,0.0190174326465927,0,0.350961538461538,0.00164203612479475,0,0.0016750418760469,0.00161290322580645,0.345718901453958,0.00969305331179321,0.00165016501650165,0.947712418300654,0.329032258064516,0.0453074433656958,0,0.0957792207792208,0.00162337662337662,0.51496062992126,0,0.149593495934959,0.154220779220779,0.00983606557377049,0.00327332242225859,0.0723684210526316,0,0.0847176079734219,0,0.0148760330578512,0,0,0.823434991974318,0,0.515248796147673,0.851549755301794,0,0.125407166123779,0,0,0,0.0623973727422003,0.224422442244224,0.00657894736842105,0.0033500837520938,0.0476190476190476,0.00495867768595041,0.00498338870431894,0,0,0.0689655172413793,0.00158730158730159,0,0,0.00165016501650165,0.0384615384615385,0,0,0.691558441558442
"8",0,0.0476973684210526,0,0.0503246753246753,0.61637239165329,0.0860927152317881,0.138169257340242,1,0.0654664484451719,0,0,0.326765188834154,0,0.70957095709571,0.426751592356688,0.173622704507513,0.220228384991843,0,0,0,0,0.255813953488372,0.371753246753247,0.327814569536424,0.142857142857143,0.306055646481178,0.00163934426229508,0,0.291935483870968,0,0.176100628930818,0.0131147540983607,0.313432835820896,0.282218597063622,0.00323101777059774,0.00328947368421053,0.295161290322581,0,0.0420168067226891,0.144039735099338,0.402662229617304,0.0033112582781457,0,0.125796178343949,0.201970443349754,0.0954692556634304,0.130505709624796,0,0,0,0,0,0.00327868852459016,0.213114754098361,0.76198347107438,0.363025210084034,0,0,0,0,0,0.308072487644152,0,0.381031613976705,0,0,0,0,0.0195439739413681,0.231139646869984
"9",0.342229199372057,0,0.0158982511923688,0.66407465007776,0.0287081339712919,0.23444976076555,0.360330578512397,0.0654664484451719,1,0,0.187596899224806,0.0393081761006289,0,0.0393700787401575,0.103500761035008,0.00479233226837061,0.00473186119873817,0.0901898734177215,0.184419713831479,0.143089430894309,0.0909090909090909,0,0.0893416927899686,0.0610328638497653,0.217322834645669,0.00467289719626168,0.279874213836478,0.0064,0.0215384615384615,0,0.864615384615385,0.0427215189873418,0.0172955974842767,0.0233281493001555,0,0,0.073015873015873,0,0.594108019639935,0,0.1,0.0109717868338558,0.19435736677116,0.187888198757764,0,0.910077519379845,0.485759493670886,0.00627943485086342,0.52276295133438,0.129337539432177,0,0,0.302547770700637,0.0409448818897638,0.032258064516129,0.0227272727272727,0.466458658346334,0,0.0709779179810726,0.00159744408945687,0,0.0613207547169811,0.208978328173375,0.00318979266347687,0,0.122834645669291,0.113003095975232,0,0,0.5046875
"10",0,0,0.0218408736349454,0,0.151840490797546,0,0,0,0,1,0,0,0,0.11791730474732,0.111940298507463,0.0993690851735016,0,0,0.0390625,0,0,0,0.116459627329193,0.167711598746081,0,0,0,0.926905132192846,0,0,0,0.81591263650546,0,0,0,0,0.046656298600311,0,0,0.141955835962145,0.13302034428795,0.0328638497652582,0.75462962962963,0,0.591331269349845,0,0,0.258620689655172,0,0,0.942989214175655,0.961059190031153,0,0,0.0755905511811024,0.0974842767295598,0,0,0.0139318885448916,0.992223950233281,0,0.0280373831775701,0,0.462025316455696,0,0,0,0,0.903426791277259,0
"11",0.592307692307692,0,0.0366412213740458,0.228787878787879,0,0,0.00484652665589661,0,0.187596899224806,0,1,0,0.0015527950310559,0,0,0.00307219662058372,0,0.742635658914729,0.44251968503937,0.973143759873618,0.755223880597015,0,0,0,0,0,0.697885196374622,0,0,0,0.0588235294117647,0,0,0,0,0,0,0,0.216510903426791,0,0,0.0321592649310873,0,0,0,0.0935143288084465,0,0,0.72239263803681,0.887537993920973,0,0,0.481308411214953,0,0,0,0.270392749244713,0,0.0425196850393701,0,0.0138461538461538,0,0.782805429864253,0,0,0.945371775417299,0.645990922844175,0,0,0.0151745068285281
"12",0,0.042654028436019,0,0.00782472613458529,0.0347551342812006,0.651685393258427,0.408866995073892,0.326765188834154,0.0393081761006289,0,0,1,0,0.0423861852433281,0.0790273556231003,0,0.601246105919003,0,0,0,0,0.662480376766091,0.0828125,0.0635930047694754,0.593996840442338,0.683881064162754,0,0,0.516587677725118,0,0.119565217391304,0,0.674418604651163,0.639498432601881,0,0,0.339035769828927,0,0.00649350649350649,0,0.0647709320695103,0,0,0.68895800933126,0,0.0795631825273011,0.417061611374408,0,0.00153846153846154,0,0,0,0,0.14968152866242,0.0828025477707006,0.104265402843602,0,0,0,0,0,0.33641975308642,0,0,0,0,0,0,0,0.312796208530806
"13",0,0.457547169811321,0,0,0,0,0,0,0,0,0.0015527950310559,0,1,0,0,0,0.0252365930599369,0,0,0.00160771704180064,0,0.0189274447949527,0,0,0,0.0203125,0.128930817610063,0,0,0.640122511485452,0,0,0,0,0.574102964118565,0.546583850931677,0,0.628346456692913,0,0,0,0,0,0,0,0,0,0,0.00155038759689922,0,0,0,0,0.304278922345483,0,0,0,0.696400625978091,0,0,0.996904024767802,0,0,0,0.69701726844584,0.00156739811912226,0.00308166409861325,0.691082802547771,0,0
"14",0,0,0.00310077519379845,0.00924499229583975,0.962323390894819,0.00625978090766823,0.00495049504950495,0.70957095709571,0.0393700787401575,0.11791730474732,0,0.0423861852433281,0,1,0.663125948406677,0.253184713375796,0,0,0,0,0,0.00157977883096367,0.58887171561051,0.543307086614173,0.00154798761609907,0.00783699059561128,0,0.0649762282091918,0.220496894409938,0,0.0598159509202454,0.148902821316614,0.160377358490566,0.151001540832049,0,0,0.338582677165354,0,0.038961038961039,0.256821829855538,0.635782747603834,0.0156494522691706,0.0639625585023401,0.00153846153846154,0.47723704866562,0.0295031055900621,0.00317460317460317,0.014308426073132,0,0,0.059190031152648,0.0789049919484702,0,0.00474683544303797,0.990384615384615,0.543859649122807,0,0,0.00793650793650794,0.102201257861635,0,0.337539432176656,0,0.662974683544304,0,0,0,0,0.208841463414634,0.0141287284144427
"15",0,0,0,0.00298507462686567,0.708708708708709,0.0334855403348554,0.0190174326465927,0.426751592356688,0.103500761035008,0.111940298507463,0,0.0790273556231003,0,0.663125948406677,1,0.00152905198776758,0,0,0,0,0,0,0.950965824665676,0.905487804878049,0.0344827586206897,0.00150375939849624,0,0.0668693009118541,0.487256371814093,0,0.114369501466276,0.279878971255673,0.349924585218703,0.377245508982036,0,0,0.649624060150376,0,0.0328638497652582,0.00613496932515337,0.975384615384615,0,0.0988023952095808,0.0312035661218425,0.229041916167665,0.100294985250737,0.0284005979073244,0.00151285930408472,0,0,0.0658682634730539,0.0752688172043011,0,0,0.645801526717557,0.873282442748092,0.00296296296296296,0,0,0.102719033232628,0,0.64424514200299,0,0.315384615384615,0,0,0,0,0.0968703427719821,0.0760059612518629
"16",0.00477707006369427,0,0.584126984126984,0.0267295597484277,0.221528861154446,0,0,0.173622704507513,0.00479233226837061,0.0993690851735016,0.00307219662058372,0,0,0.253184713375796,0.00152905198776758,1,0,0.00318471337579618,0.0586319218241042,0.0033003300330033,0.00154559505409583,0,0.00156985871271586,0.00162866449511401,0,0,0,0.100961538461538,0,0,0.0185185185185185,0.0321027287319422,0,0,0,0,0,0,0.0524590163934426,0.99198717948718,0.00162074554294976,0.696062992125984,0.0602218700475436,0,0.312101910828025,0.0078740157480315,0,0.487179487179487,0,0.0015625,0.128367670364501,0.115755627009646,0.0453074433656958,0,0.247172859450727,0.00160513643659711,0.0296411856474259,0,0.511075949367089,0.0875796178343949,0,0,0.0046875,0.359098228663446,0,0.00315955766192733,0.0251572327044025,0,0.188383045525903,0
"17",0,0.447900466562986,0,0.0015600624024961,0,0.348580441640379,0.350961538461538,0.220228384991843,0.00473186119873817,0,0,0.601246105919003,0.0252365930599369,0,0,0,1,0,0,0,0,0.949764521193093,0,0,0.429237947122862,0.934477379095164,0.00313479623824451,0,0.191653786707883,0.115919629057187,0.0510510510510511,0,0.309486780715397,0.306376360808709,0.29922480620155,0.310725552050473,0.0217054263565891,0.110236220472441,0,0,0,0,0,0.509230769230769,0,0.0322085889570552,0.312401883830455,0,0,0,0,0,0,0.537842190016103,0,0,0,0.212962962962963,0,0,0.0046875,0.0310077519379845,0,0,0.0488188976377953,0,0,0.0594059405940594,0,0.391035548686244
"18",0.475590551181102,0,0.0539291217257319,0.226502311248074,0,0,0.00164203612479475,0,0.0901898734177215,0,0.742635658914729,0,0,0,0,0.00318471337579618,0,1,0.534290271132376,0.713365539452496,1,0,0,0,0,0,0.406542056074766,0,0,0,0.0184331797235023,0,0,0,0,0,0,0,0.0840064620355412,0.00484652665589661,0,0.0300632911392405,0.0015552099533437,0,0,0.0499219968798752,0,0.026813880126183,0.419504643962848,0.746875,0,0,0.583067092651757,0,0,0,0.199066874027994,0,0.0469483568075117,0,0.00462249614791988,0,0.60741885625966,0,0,0.753105590062112,0.783616692426584,0,0,0.00471698113207547
"19",0.737007874015748,0,0.311605723370429,0.135860979462875,0,0,0,0,0.184419713831479,0.0390625,0.44251968503937,0,0,0,0,0.0586319218241042,0,0.534290271132376,1,0.470967741935484,0.552425665101721,0,0.00157977883096367,0,0,0,0.135860979462875,0.128410914927769,0,0,0.0817901234567901,0.0224719101123595,0,0,0,0,0,0,0.422512234910277,0.0237717908082409,0,0.202247191011236,0.182389937106918,0,0.0064,0.107644305772231,0,0.195512820512821,0.217868338557994,0.578947368421053,0.0549450549450549,0.0852090032154341,0.400958466453674,0,0,0,0.521806853582555,0,0.313001605136437,0.0159235668789809,0,0,0.712732919254658,0.004739336492891,0,0.5,0.406491499227202,0,0.00465116279069767,0
"20",0.56661316211878,0,0.0544871794871795,0.279106858054226,0,0,0.0016750418760469,0,0.143089430894309,0,0.973143759873618,0,0.00160771704180064,0,0,0.0033003300330033,0,0.713365539452496,0.470967741935484,1,0.735668789808917,0,0,0,0,0,0.660225442834139,0,0,0,0.0449612403100775,0,0,0,0,0,0,0,0.233937397034596,0,0,0.046474358974359,0.00159235668789809,0,0,0.0752,0,0.00329489291598023,0.658576051779935,0.895833333333333,0,0,0.55,0,0,0,0.34248788368336,0,0.0633116883116883,0,0.0127186009538951,0,0.762820512820513,0,0,0.974643423137876,0.68362480127186,0,0,0
"21",0.466463414634146,0,0.0500758725341426,0.221036585365854,0,0,0.00161290322580645,0,0.0909090909090909,0,0.755223880597015,0,0,0,0,0.00154559505409583,0,1,0.552425665101721,0.735668789808917,1,0,0,0,0,0,0.417682926829268,0,0,0,0.0149253731343284,0,0,0,0,0,0,0,0.0910518053375196,0.00306748466257669,0,0.0383435582822086,0.0015220700152207,0,0,0.0460829493087558,0,0.0329153605015674,0.418429003021148,0.752293577981651,0,0,0.589861751152074,0,0,0,0.226386806596702,0,0.0511627906976744,0,0.00458715596330275,0,0.61631419939577,0,0,0.772727272727273,0.785822021116139,0,0,0
"22",0,0.428571428571429,0,0,0,0.389857369255151,0.345718901453958,0.255813953488372,0,0,0,0.662480376766091,0.0189274447949527,0.00157977883096367,0,0,0.949764521193093,0,0,0,0,1,0.00155038759689922,0,0.441130298273155,1,0.0015527950310559,0,0.23338485316847,0.0917573872472784,0.032258064516129,0,0.349606299212598,0.341653666146646,0.275039745627981,0.29595015576324,0.0404984423676012,0.0909090909090909,0,0,0,0,0,0.527047913446677,0,0.020440251572327,0.301435406698565,0,0,0,0,0,0,0.522435897435897,0.00955414012738853,0.0016,0,0.11198738170347,0,0,0.003125,0.055205047318612,0,0,0.028436018957346,0,0,0.0471544715447154,0,0.278560250391236
"23",0.00154798761609907,0,0,0,0.645896656534954,0.0233644859813084,0.00969305331179321,0.371753246753247,0.0893416927899686,0.116459627329193,0,0.0828125,0,0.58887171561051,0.950965824665676,0.00156985871271586,0,0,0.00157977883096367,0,0,0.00155038759689922,1,0.971875,0.0262345679012346,0.00303030303030303,0,0.0884676145339652,0.516923076923077,0,0.091324200913242,0.329211746522411,0.381026438569207,0.405572755417957,0,0,0.71937984496124,0,0.021978021978022,0.00310077519379845,0.963665086887836,0,0.152905198776758,0.0151975683890578,0.165876777251185,0.0778625954198473,0.00930232558139535,0.00156494522691706,0,0,0.106544901065449,0.0989010989010989,0.00153374233128834,0,0.574803149606299,0.895962732919255,0.00619195046439629,0,0,0.131045241809672,0,0.700460829493088,0,0.256329113924051,0,0,0,0,0.113496932515337,0.0600924499229584
"24",0,0,0,0,0.646592709984152,0.0064,0.00165016501650165,0.327814569536424,0.0610328638497653,0.167711598746081,0,0.0635930047694754,0,0.543307086614173,0.905487804878049,0.00162866449511401,0,0,0,0,0,0,0.971875,1,0.00947867298578199,0,0,0.130503144654088,0.50386398763524,0,0.0683229813664596,0.384493670886076,0.372424722662441,0.409020217729393,0,0,0.707620528771384,0,0.0128824476650564,0.00317460317460317,0.92604501607717,0,0.180379746835443,0.00617283950617284,0.159489633173844,0.0589147286821705,0.00157728706624606,0.00319488817891374,0,0,0.152173913043478,0.132569558101473,0,0,0.522906793048973,0.892063492063492,0,0,0,0.17981072555205,0,0.698907956318253,0,0.249190938511327,0,0,0,0,0.161949685534591,0.0430769230769231
"25",0,0.0811638591117917,0,0.224615384615385,0.0015552099533437,0.874003189792663,0.947712418300654,0.142857142857143,0.217322834645669,0,0,0.593996840442338,0,0.00154798761609907,0.0344827586206897,0,0.429237947122862,0,0,0,0,0.441130298273155,0.0262345679012346,0.00947867298578199,1,0.434049079754601,0.00307692307692308,0,0.230293663060278,0.00152439024390244,0.38030303030303,0,0.314728682170543,0.298921417565485,0.00467289719626168,0.00154320987654321,0.159375,0,0.0158227848101266,0,0.0251968503937008,0,0,0.946564885496183,0,0.369734789391576,0.788109756097561,0,0.0556414219474498,0,0,0,0,0.177672955974843,0.009375,0.0157232704402516,0,0.00156985871271586,0,0,0,0.156985871271586,0,0,0,0,0,0,0,0.597826086956522
"26",0,0.402799377916019,0,0.00308166409861325,0,0.387147335423198,0.329032258064516,0.306055646481178,0.00467289719626168,0,0,0.683881064162754,0.0203125,0.00783699059561128,0.00150375939849624,0,0.934477379095164,0,0,0,0,1,0.00303030303030303,0,0.434049079754601,1,0,0,0.231481481481481,0.0781010719754977,0.0457317073170732,0,0.375579598145286,0.346811819595645,0.266975308641975,0.285714285714286,0.0497667185069984,0.0834621329211747,0.00158730158730159,0,0.0015625,0,0,0.519142419601838,0,0.0168195718654434,0.294753086419753,0,0,0,0,0,0,0.528301886792453,0.0253164556962025,0.00157728706624606,0,0.093603744149766,0,0,0.0031055900621118,0.0652173913043478,0,0,0.0203442879499218,0,0,0.0363349131121643,0,0.28149300155521
"27",0.330757341576507,0.0390625,0,0.340523882896764,0,0.004739336492891,0.0453074433656958,0.00163934426229508,0.279874213836478,0,0.697885196374622,0,0.128930817610063,0,0,0,0.00313479623824451,0.406542056074766,0.135860979462875,0.660225442834139,0.417682926829268,0.0015527950310559,0,0,0.00307692307692308,0,1,0,0,0.204930662557781,0.183055975794251,0,0,0,0.0464396284829721,0.0277777777777778,0,0.131987577639752,0.263665594855305,0,0,0.00154559505409583,0,0.0015527950310559,0,0.197226502311248,0.0839813374805599,0,0.773353751914242,0.546583850931677,0,0,0.299373040752351,0.043956043956044,0,0,0.175115207373272,0.169781931464174,0.00314465408805031,0,0.18266253869969,0,0.435779816513761,0,0.235658914728682,0.611111111111111,0.361963190184049,0.186305732484076,0,0.136923076923077
"28",0.00943396226415094,0,0.0791139240506329,0,0.0901771336553945,0,0,0,0.0064,0.926905132192846,0,0,0,0.0649762282091918,0.0668693009118541,0.100961538461538,0,0,0.128410914927769,0,0,0,0.0884676145339652,0.130503144654088,0,0,0,1,0,0,0.00471698113207547,0.781446540880503,0,0,0,0,0.0423861852433281,0,0.00491803278688525,0.12202852614897,0.0830618892508143,0.0610932475884244,0.835463258785943,0,0.480891719745223,0.00628930817610063,0,0.291530944625407,0,0,0.937106918238994,0.980392156862745,0.0032,0,0.036624203821656,0.0650793650793651,0.00782472613458529,0,0.0608974358974359,0.910685805422648,0,0.0253565768621236,0.0015600624024961,0.358974358974359,0,0,0.0031201248049922,0,0.812400635930048,0
"29",0,0.00154083204930663,0,0,0.231839258114374,0.276295133437991,0.0957792207792208,0.291935483870968,0.0215384615384615,0,0,0.516587677725118,0,0.220496894409938,0.487256371814093,0,0.191653786707883,0,0,0,0,0.23338485316847,0.516923076923077,0.50386398763524,0.230293663060278,0.231481481481481,0,0,1,0,0.0649546827794562,0.0386996904024768,0.93140243902439,0.978593272171254,0,0,0.828967642526965,0,0,0,0.482649842271293,0,0,0.277016742770167,0,0.0501519756838906,0.135802469135802,0,0,0,0,0,0,0.0031496062992126,0.279874213836478,0.658461538461538,0,0,0,0.00155763239875389,0,0.852534562211982,0,0.00156985871271586,0,0,0,0,0,0.170015455950541
"30",0,0.47906976744186,0,0,0,0,0.00162337662337662,0,0,0,0,0,0.640122511485452,0,0,0,0.115919629057187,0,0,0,0,0.0917573872472784,0,0,0.00152439024390244,0.0781010719754977,0.204930662557781,0,0,1,0,0,0,0,0.578625954198473,0.586363636363636,0,0.995327102803738,0,0,0,0,0,0.00150602409638554,0,0,0,0,0.00151975683890578,0,0,0,0,0.34984520123839,0,0,0,0.668217054263566,0,0,0.60882800608828,0,0,0,0.961240310077519,0,0,0.982594936708861,0,0.00763358778625954
"31",0.173978819969743,0.00303951367781155,0.0060882800608828,0.712121212121212,0.0453857791225416,0.351681957186544,0.51496062992126,0.176100628930818,0.864615384615385,0,0.0588235294117647,0.119565217391304,0,0.0598159509202454,0.114369501466276,0.0185185185185185,0.0510510510510511,0.0184331797235023,0.0817901234567901,0.0449612403100775,0.0149253731343284,0.032258064516129,0.091324200913242,0.0683229813664596,0.38030303030303,0.0457317073170732,0.183055975794251,0.00471698113207547,0.0649546827794562,0,1,0.0212121212121212,0.06797583081571,0.0748502994011976,0,0,0.117199391171994,0,0.468652037617555,0.0077639751552795,0.101721439749609,0.00917431192660551,0.121396054628225,0.299850074962519,0,0.949253731343284,0.65210843373494,0.00310077519379845,0.357894736842105,0.0333333333333333,0,0,0.249235474006116,0.0998463901689708,0.0726429675425039,0.0401234567901235,0.297176820208024,0,0.0587326120556414,0.0015220700152207,0,0.106707317073171,0.0718562874251497,0.0061633281972265,0,0.0365296803652968,0.0536512667660209,0,0,0.651515151515151
"32",0.00155038759689922,0,0.0078003120124805,0,0.222222222222222,0,0,0.0131147540983607,0.0427215189873418,0.81591263650546,0,0,0,0.148902821316614,0.279878971255673,0.0321027287319422,0,0,0.0224719101123595,0,0,0,0.329211746522411,0.384493670886076,0,0,0,0.781446540880503,0.0386996904024768,0,0.0212121212121212,1,0.00473186119873817,0.0125195618153365,0,0,0.194401244167963,0,0.00329489291598023,0.0571428571428571,0.3152,0.00941915227629513,0.741486068111455,0.00153846153846154,0.393416927899687,0.0306748466257669,0.00154798761609907,0.155038759689922,0,0,0.818466353677621,0.772946859903382,0,0,0.119751166407465,0.240445859872611,0.00154798761609907,0,0.00928792569659443,0.830455259026688,0,0.156923076923077,0,0.3168,0,0,0,0,0.726283048211509,0.00627943485086342
"33",0,0.00314465408805031,0,0,0.15552099533437,0.389423076923077,0.149593495934959,0.313432835820896,0.0172955974842767,0,0,0.674418604651163,0,0.160377358490566,0.349924585218703,0,0.309486780715397,0,0,0,0,0.349606299212598,0.381026438569207,0.372424722662441,0.314728682170543,0.375579598145286,0,0,0.93140243902439,0,0.06797583081571,0.00473186119873817,1,0.992295839753467,0,0,0.704968944099379,0,0.00158982511923688,0,0.348101265822785,0,0,0.378086419753086,0,0.0425531914893617,0.196513470681458,0,0,0,0,0,0,0.023961661341853,0.20846394984326,0.499215070643642,0,0,0,0,0,0.737089201877934,0,0,0,0,0,0,0,0.200622083981337
"34",0,0.00154798761609907,0,0,0.147465437788018,0.338607594936709,0.154220779220779,0.282218597063622,0.0233281493001555,0,0,0.639498432601881,0,0.151001540832049,0.377245508982036,0,0.306376360808709,0,0,0,0,0.341653666146646,0.405572755417957,0.409020217729393,0.298921417565485,0.346811819595645,0,0,0.978593272171254,0,0.0748502994011976,0.0125195618153365,0.992295839753467,1,0,0,0.711627906976744,0,0,0,0.370429252782194,0,0,0.35660091047041,0,0.0515151515151515,0.192789968652038,0,0,0,0,0,0,0.0236220472440945,0.196513470681458,0.552380952380952,0,0,0,0,0,0.740340030911901,0,0,0,0,0,0,0,0.225656877897991
"35",0,0.912974683544304,0,0,0,0,0.00983606557377049,0.00323101777059774,0,0,0,0,0.574102964118565,0,0,0,0.29922480620155,0,0,0,0,0.275039745627981,0,0,0.00467289719626168,0.266975308641975,0.0464396284829721,0,0,0.578625954198473,0,0,0,0,1,1,0,0.58528951486698,0,0,0,0,0,0.00152671755725191,0,0,0.00157977883096367,0,0,0,0,0,0,0.735202492211838,0,0,0,0.812206572769953,0,0,0.594180704441041,0,0,0,0.5390625,0,0,0.536507936507936,0,0.00930232558139535
"36",0,0.915384615384615,0,0,0,0,0.00327332242225859,0.00328947368421053,0,0,0,0,0.546583850931677,0,0,0,0.310725552050473,0,0,0,0,0.29595015576324,0,0,0.00154320987654321,0.285714285714286,0.0277777777777778,0,0,0.586363636363636,0,0,0,0,1,1,0,0.6015625,0,0,0,0,0,0.00151745068285281,0,0,0.00154559505409583,0,0,0,0,0,0,0.722570532915361,0,0,0,0.790880503144654,0,0,0.569678407350689,0,0,0,0.53582554517134,0,0,0.5472,0,0.00465116279069767
"37",0,0,0,0,0.392857142857143,0.244131455399061,0.0723684210526316,0.295161290322581,0.073015873015873,0.046656298600311,0,0.339035769828927,0,0.338582677165354,0.649624060150376,0,0.0217054263565891,0,0,0,0,0.0404984423676012,0.71937984496124,0.707620528771384,0.159375,0.0497667185069984,0,0.0423861852433281,0.828967642526965,0,0.117199391171994,0.194401244167963,0.704968944099379,0.711627906976744,0,0,1,0,0.00483870967741936,0,0.652173913043478,0,0.065625,0.155145929339478,0.020440251572327,0.0918836140888208,0.0989010989010989,0,0,0,0.0376175548589342,0.0304487179487179,0,0,0.394321766561514,0.757097791798107,0.00153374233128834,0,0,0.0407523510971787,0,0.987748851454824,0,0.0491283676703645,0,0,0,0,0.0336391437308868,0.108150470219436
"38",0,0.466666666666667,0,0,0,0,0,0,0,0,0,0,0.628346456692913,0,0,0,0.110236220472441,0,0,0,0,0.0909090909090909,0,0,0,0.0834621329211747,0.131987577639752,0,0,0.995327102803738,0,0,0,0,0.58528951486698,0.6015625,0,1,0,0,0,0,0,0,0,0,0,0,0,0,0,0,0,0.306089743589744,0,0,0,0.617088607594937,0,0,0.59190031152648,0,0,0,0.952978056426332,0,0,0.988636363636364,0,0
"39",0.66347687400319,0,0.237795275590551,0.464342313787639,0.032,0.114147909967846,0.0847176079734219,0.0420168067226891,0.594108019639935,0,0.216510903426791,0.00649350649350649,0,0.038961038961039,0.0328638497652582,0.0524590163934426,0,0.0840064620355412,0.422512234910277,0.233937397034596,0.0910518053375196,0,0.021978021978022,0.0128824476650564,0.0158227848101266,0.00158730158730159,0.263665594855305,0.00491803278688525,0,0,0.468652037617555,0.00329489291598023,0.00158982511923688,0,0,0,0.00483870967741936,0,1,0.0128,0.0114566284779051,0.179738562091503,0.15,0.0158227848101266,0,0.473270440251572,0.194127243066884,0.0796747967479675,0.480952380952381,0.280448717948718,0,0,0.255627009646302,0.0113085621970921,0.0486223662884927,0.00164203612479475,0.736925515055468,0,0.313311688311688,0,0,0.00641025641025641,0.453543307086614,0.0064,0,0.189274447949527,0.0540123456790123,0,0,0.162420382165605
"40",0,0,0.534700315457413,0.0186046511627907,0.213500784929356,0,0,0.144039735099338,0,0.141955835962145,0,0,0,0.256821829855538,0.00613496932515337,0.99198717948718,0,0.00484652665589661,0.0237717908082409,0,0.00306748466257669,0,0.00310077519379845,0.00317460317460317,0,0,0,0.12202852614897,0,0,0.0077639751552795,0.0571428571428571,0,0,0,0,0,0,0.0128,1,0.00641025641025641,0.652866242038217,0.0788643533123028,0,0.404423380726698,0.0015552099533437,0,0.542993630573248,0,0,0.164319248826291,0.153968253968254,0.0476190476190476,0,0.24685534591195,0.00474683544303797,0.0202177293934681,0,0.477707006369427,0.139717425431711,0,0,0,0.415584415584416,0,0,0.0294117647058824,0,0.253943217665615,0
"41",0,0,0,0.00778816199376947,0.7008,0.0191693290734824,0.0148760330578512,0.402662229617304,0.1,0.13302034428795,0,0.0647709320695103,0,0.635782747603834,0.975384615384615,0.00162074554294976,0,0,0,0,0,0,0.963665086887836,0.92604501607717,0.0251968503937008,0.0015625,0,0.0830618892508143,0.482649842271293,0,0.101721439749609,0.3152,0.348101265822785,0.370429252782194,0,0,0.652173913043478,0,0.0114566284779051,0.00641025641025641,1,0,0.125786163522013,0.0186915887850467,0.232114467408585,0.0884676145339652,0.0126984126984127,0.00318979266347687,0,0,0.0849358974358974,0.0915032679738562,0.0016260162601626,0,0.610662358642973,0.889430894308943,0.00315955766192733,0,0,0.123376623376623,0,0.648818897637795,0,0.316639741518578,0,0,0.0015552099533437,0,0.114467408585056,0.0771704180064309
"42",0.124031007751938,0,0.992236024844721,0.0294117647058824,0.0154559505409583,0,0,0.0033112582781457,0.0109717868338558,0.0328638497652582,0.0321592649310873,0,0,0.0156494522691706,0,0.696062992125984,0,0.0300632911392405,0.202247191011236,0.046474358974359,0.0383435582822086,0,0,0,0,0,0.00154559505409583,0.0610932475884244,0,0,0.00917431192660551,0.00941915227629513,0,0,0,0,0,0,0.179738562091503,0.652866242038217,0,1,0.0451010886469673,0,0.0868878357030016,0.0107361963190184,0,0.671451355661882,0.0015527950310559,0.0483619344773791,0.0824261275272162,0.0699523052464229,0.121451104100946,0,0.0142857142857143,0,0.263157894736842,0,0.939490445859873,0.028125,0,0,0.0932721712538226,0.0514469453376206,0,0.0540123456790123,0.0842433697347894,0,0.0373250388802488,0
"43",0.136150234741784,0,0.049079754601227,0.0906298003072197,0.109737248840804,0,0,0,0.19435736677116,0.75462962962963,0,0,0,0.0639625585023401,0.0988023952095808,0.0602218700475436,0,0.0015552099533437,0.182389937106918,0.00159235668789809,0.0015220700152207,0,0.152905198776758,0.180379746835443,0,0,0,0.835463258785943,0,0,0.121396054628225,0.741486068111455,0,0,0,0,0.065625,0,0.15,0.0788643533123028,0.125786163522013,0.0451010886469673,1,0,0.343260188087774,0.127692307692308,0.0015748031496063,0.185419968304279,0.00782472613458529,0.00470957613814757,0.789391575663027,0.78594249201278,0.0884676145339652,0,0.033175355450237,0.0689102564102564,0.165390505359877,0,0.0692913385826772,0.798722044728435,0,0.0392464678178964,0.0475460122699387,0.270440251572327,0,0,0.0107033639143731,0,0.667706708268331,0.00464396284829721
"44",0,0.0704441041347626,0,0.13089802130898,0,0.88062015503876,0.823434991974318,0.125796178343949,0.187888198757764,0,0,0.68895800933126,0,0.00153846153846154,0.0312035661218425,0,0.509230769230769,0,0,0,0,0.527047913446677,0.0151975683890578,0.00617283950617284,0.946564885496183,0.519142419601838,0.0015527950310559,0,0.277016742770167,0.00150602409638554,0.299850074962519,0.00153846153846154,0.378086419753086,0.35660091047041,0.00152671755725191,0.00151745068285281,0.155145929339478,0,0.0158227848101266,0,0.0186915887850467,0,0,1,0,0.31859756097561,0.753086419753086,0,0.0519877675840979,0,0,0,0,0.152755905511811,0.00766871165644172,0.0078125,0,0.00154320987654321,0,0,0,0.151702786377709,0,0,0,0,0,0,0,0.527439024390244
"45",0,0,0.0632911392405063,0.00157232704402516,0.441497659906396,0,0,0.201970443349754,0,0.591331269349845,0,0,0,0.47723704866562,0.229041916167665,0.312101910828025,0,0,0.0064,0,0,0,0.165876777251185,0.159489633173844,0,0,0,0.480891719745223,0,0,0,0.393416927899687,0,0,0,0,0.020440251572327,0,0,0.404423380726698,0.232114467408585,0.0868878357030016,0.343260188087774,0,1,0,0,0.382165605095541,0,0,0.517295597484277,0.54885993485342,0.00964630225080386,0,0.401263823064771,0.167207792207792,0.00778816199376947,0,0.0729001584786054,0.571653543307087,0,0.00943396226415094,0,0.901587301587302,0,0,0.00772797527047913,0,0.6765625,0
"46",0.206201550387597,0.00156494522691706,0.010752688172043,0.699537750385208,0.0215384615384615,0.347826086956522,0.515248796147673,0.0954692556634304,0.910077519379845,0,0.0935143288084465,0.0795631825273011,0,0.0295031055900621,0.100294985250737,0.0078740157480315,0.0322085889570552,0.0499219968798752,0.107644305772231,0.0752,0.0460829493087558,0.020440251572327,0.0778625954198473,0.0589147286821705,0.369734789391576,0.0168195718654434,0.197226502311248,0.00628930817610063,0.0501519756838906,0,0.949253731343284,0.0306748466257669,0.0425531914893617,0.0515151515151515,0,0,0.0918836140888208,0,0.473270440251572,0.0015552099533437,0.0884676145339652,0.0107361963190184,0.127692307692308,0.31859756097561,0,1,0.66,0.00949367088607595,0.402777777777778,0.0699844479004666,0,0,0.258164852255054,0.0590111642743222,0.0296875,0.034375,0.345038167938931,0,0.0757341576506955,0.0015600624024961,0,0.0752688172043011,0.101669195751138,0.00157232704402516,0,0.0705521472392638,0.0834597875569044,0,0,0.64451313755796
"47",0.00784929356357928,0.0498442367601246,0,0.424615384615385,0,0.741157556270096,0.851549755301794,0.130505709624796,0.485759493670886,0,0,0.417061611374408,0,0.00317460317460317,0.0284005979073244,0,0.312401883830455,0,0,0,0,0.301435406698565,0.00930232558139535,0.00157728706624606,0.788109756097561,0.294753086419753,0.0839813374805599,0,0.135802469135802,0,0.65210843373494,0.00154798761609907,0.196513470681458,0.192789968652038,0.00157977883096367,0.00154559505409583,0.0989010989010989,0,0.194127243066884,0,0.0126984126984127,0,0.0015748031496063,0.753086419753086,0,0.66,1,0,0.221705426356589,0,0,0,0.0252365930599369,0.173076923076923,0.00470957613814757,0.00628930817610063,0.0446841294298921,0,0.00946372239747634,0,0,0.0962732919254658,0,0,0,0,0.00154320987654321,0,0,0.76049766718507
"48",0.0157728706624606,0,0.666139240506329,0.0362204724409449,0.009375,0,0,0,0.00627943485086342,0.258620689655172,0,0,0,0.014308426073132,0.00151285930408472,0.487179487179487,0,0.026813880126183,0.195512820512821,0.00329489291598023,0.0329153605015674,0,0.00156494522691706,0.00319488817891374,0,0,0,0.291530944625407,0,0,0.00310077519379845,0.155038759689922,0,0,0,0,0,0,0.0796747967479675,0.542993630573248,0.00318979266347687,0.671451355661882,0.185419968304279,0,0.382165605095541,0.00949367088607595,0,1,0,0.00158730158730159,0.325984251968504,0.343089430894309,0.18341307814992,0,0.00477707006369427,0,0.252336448598131,0,0.612954186413902,0.258373205741627,0,0,0.00312989045383412,0.243589743589744,0,0.0015748031496063,0.151090342679128,0,0.284375,0
"49",0.487692307692308,0,0.00458715596330275,0.450155763239875,0,0.0904761904761905,0.125407166123779,0,0.52276295133438,0,0.72239263803681,0.00153846153846154,0.00155038759689922,0,0,0,0,0.419504643962848,0.217868338557994,0.658576051779935,0.418429003021148,0,0,0,0.0556414219474498,0,0.773353751914242,0,0,0.00151975683890578,0.357894736842105,0,0,0,0,0,0,0,0.480952380952381,0,0,0.0015527950310559,0.00782472613458529,0.0519877675840979,0,0.402777777777778,0.221705426356589,0,1,0.614678899082569,0,0,0.281004709576138,0.00782472613458529,0,0,0.303625377643505,0.0015527950310559,0.0234375,0,0.00917431192660551,0,0.572741194486983,0,0,0.595054095826893,0.360730593607306,0.00157728706624606,0,0.243939393939394
"50",0.721875,0,0.0614173228346457,0.211180124223602,0,0,0,0,0.129337539432177,0,0.887537993920973,0,0,0,0,0.0015625,0,0.746875,0.578947368421053,0.895833333333333,0.752293577981651,0,0,0,0,0,0.546583850931677,0,0,0,0.0333333333333333,0,0,0,0,0,0,0,0.280448717948718,0,0,0.0483619344773791,0.00470957613814757,0,0,0.0699844479004666,0,0.00158730158730159,0.614678899082569,1,0,0,0.414976599063963,0,0,0,0.345146379044684,0,0.0791139240506329,0,0.00934579439252336,0,0.898928024502297,0,0,0.912772585669782,0.561728395061728,0,0,0
"51",0,0,0.0735524256651017,0,0.100313479623824,0,0,0,0,0.942989214175655,0,0,0,0.059190031152648,0.0658682634730539,0.128367670364501,0,0,0.0549450549450549,0,0,0,0.106544901065449,0.152173913043478,0,0,0,0.937106918238994,0,0,0,0.818466353677621,0,0,0,0,0.0376175548589342,0,0,0.164319248826291,0.0849358974358974,0.0824261275272162,0.789391575663027,0,0.517295597484277,0,0,0.325984251968504,0,0,1,0.9584,0,0,0.0340557275541796,0.0663507109004739,0,0,0.0556438791732909,0.94006309148265,0,0.0221518987341772,0,0.392344497607655,0,0,0,0,0.869831546707504,0
"52",0,0,0.0699523052464229,0,0.111287758346582,0,0,0,0,0.961059190031153,0,0,0,0.0789049919484702,0.0752688172043011,0.115755627009646,0,0,0.0852090032154341,0,0,0,0.0989010989010989,0.132569558101473,0,0,0,0.980392156862745,0,0,0,0.772946859903382,0,0,0,0,0.0304487179487179,0,0,0.153968253968254,0.0915032679738562,0.0699523052464229,0.78594249201278,0,0.54885993485342,0,0,0.343089430894309,0,0,0.9584,1,0,0,0.0493421052631579,0.0740740740740741,0,0,0.0497592295345104,0.94408945686901,0,0.023696682464455,0,0.416129032258065,0,0,0,0,0.86053882725832,0
"53",0.287480680061824,0,0.111464968152866,0.584639498432602,0,0.00318471337579618,0.0623973727422003,0.00327868852459016,0.302547770700637,0,0.481308411214953,0,0,0,0,0.0453074433656958,0,0.583067092651757,0.400958466453674,0.55,0.589861751152074,0,0.00153374233128834,0,0,0,0.299373040752351,0.0032,0,0,0.249235474006116,0,0,0,0,0,0,0,0.255627009646302,0.0476190476190476,0.0016260162601626,0.121451104100946,0.0884676145339652,0,0.00964630225080386,0.258164852255054,0.0252365930599369,0.18341307814992,0.281004709576138,0.414976599063963,0,0,1,0.00798722044728434,0,0,0.555038759689922,0,0.146919431279621,0,0.00315457413249211,0,0.307219662058372,0,0,0.533646322378717,0.865625,0,0,0.0733229329173167
"54",0,0.868878357030016,0,0.0543478260869565,0,0.0762987012987013,0.224422442244224,0.213114754098361,0.0409448818897638,0,0,0.14968152866242,0.304278922345483,0.00474683544303797,0,0,0.537842190016103,0,0,0,0,0.522435897435897,0,0,0.177672955974843,0.528301886792453,0.043956043956044,0,0.0031496062992126,0.34984520123839,0.0998463901689708,0,0.023961661341853,0.0236220472440945,0.735202492211838,0.722570532915361,0,0.306089743589744,0.0113085621970921,0,0,0,0,0.152755905511811,0,0.0590111642743222,0.173076923076923,0,0.00782472613458529,0,0,0,0.00798722044728434,1,0.00961538461538462,0,0,0.519417475728155,0,0,0.335453100158982,0,0,0,0.261637239165329,0,0.00153139356814701,0.260869565217391,0,0.244094488188976
"55",0,0,0.00321027287319422,0.0141287284144427,0.939297124600639,0.0144927536231884,0.00657894736842105,0.76198347107438,0.032258064516129,0.0755905511811024,0,0.0828025477707006,0,0.990384615384615,0.645801526717557,0.247172859450727,0,0,0,0,0,0.00955414012738853,0.574803149606299,0.522906793048973,0.009375,0.0253164556962025,0,0.036624203821656,0.279874213836478,0,0.0726429675425039,0.119751166407465,0.20846394984326,0.196513470681458,0,0,0.394321766561514,0,0.0486223662884927,0.24685534591195,0.610662358642973,0.0142857142857143,0.033175355450237,0.00766871165644172,0.401263823064771,0.0296875,0.00470957613814757,0.00477707006369427,0,0,0.0340557275541796,0.0493421052631579,0,0.00961538461538462,1,0.5456,0,0,0.00783699059561128,0.0626959247648903,0,0.383280757097792,0,0.60291734197731,0,0,0,0,0.146687697160883,0.0173501577287066
"56",0,0,0,0,0.598726114649682,0.00985221674876847,0.0033500837520938,0.363025210084034,0.0227272727272727,0.0974842767295598,0,0.104265402843602,0,0.543859649122807,0.873282442748092,0.00160513643659711,0,0,0,0,0,0.0016,0.895962732919255,0.892063492063492,0.0157232704402516,0.00157728706624606,0,0.0650793650793651,0.658461538461538,0,0.0401234567901235,0.240445859872611,0.499215070643642,0.552380952380952,0,0,0.757097791798107,0,0.00164203612479475,0.00474683544303797,0.889430894308943,0,0.0689102564102564,0.0078125,0.167207792207792,0.034375,0.00628930817610063,0,0,0,0.0663507109004739,0.0740740740740741,0,0,0.5456,1,0,0,0,0.101910828025478,0,0.791208791208791,0,0.2508038585209,0,0,0,0,0.0863422291993721,0.0407523510971787
