"","V1","V2","V3","V4","V5","V6","V7","V8","V9","V10","V11","V12","V13","V14","V15","V16","V17","V18","V19","V20","V21","V22","V23","V24","V25","V26","V27","V28","V29","V30","V31","V32","V33","V34","V35","V36","V37","V38","V39","V40","V41","V42","V43","V44","V45","V46","V47","V48","V49","V50","V51","V52","V53","V54","V55","V56","V57","V58","V59","V60","V61","V62","V63","V64","V65","V66","V67","V68","V69","V70"
"1",1,0,0.8912,0.810810810810811,0.351181102362205,0.0540958268933539,0.00305343511450382,0.00605143721633888,0.743630573248408,0.505426356589147,0.890499194847021,0.0062015503875969,0.235474006116208,0.340189873417722,0.246913580246914,0.739197530864197,0,0.917981072555205,0.893890675241158,0.891891891891892,0.915739268680445,0,0.371517027863777,0.253968253968254,0.00475435816164818,0,0.130970724191063,0.523274478330658,0.0031496062992126,0.139904610492846,0.247947454844007,0.418096723868955,0.0046656298600311,0.00622083981337481,0,0,0.0825545171339564,0.0192878338278932,0.898278560250391,0.690548780487805,0.25193199381762,0.887171561051005,0.724458204334365,0.00311526479750779,0.491228070175439,0.898119122257053,0.00791139240506329,0.763955342902711,0.885113268608414,0.896988906497623,0.695721077654517,0.511923688394277,0.948470209339775,0,0.327102803738318,0.0663507109004739,0.900158478605388,0.00803858520900321,0.894009216589862,0.495384615384615,0.139280125195618,0.0462962962962963,1,0.463607594936709,0.125806451612903,0.904153354632588,0.922345483359746,0.118110236220472,0.51797385620915,0.233644859813084
"2",0,1,0,0,0,0.117021276595745,0.572317262830482,0.523520485584218,0,0,0.00158227848101266,0.507739938080495,0.632558139534884,0,0,0,0.859154929577465,0,0,0.00157232704402516,0,0.871428571428571,0,0,0.480252764612954,0.86322188449848,0.750387596899225,0,0.261755485893417,0.738782051282051,0.0230642504118616,0,0.401538461538462,0.364779874213836,0.996825396825397,0.9984,0.028125,0.856060606060606,0,0,0,0,0,0.536891679748823,0,0,0.551948051948052,0,0.00161030595813205,0.00158227848101266,0,0,0,1,0,0.0440251572327044,0,0.93126022913257,0,0,0.726698262243286,0.080370942812983,0,0,0.740858505564388,0.0016025641025641,0,0.751582278481013,0,0.566978193146417
"3",0.8912,0,1,0.886581469648562,0.471428571428571,0.12037037037037,0.00156494522691706,0.00153609831029186,0.845659163987138,0.63020030816641,0.761750405186386,0.00156494522691706,0.1453125,0.438985736925515,0.362916006339144,0.85625,0,0.7890625,0.998405103668262,0.766773162939297,0.790064102564103,0,0.485271317829457,0.355555555555556,0.00316957210776545,0,0.0204081632653061,0.636952998379254,0.00470957613814757,0.0255591054313099,0.334415584415584,0.515822784810127,0.0015527950310559,0.0015748031496063,0,0,0.191153238546603,0,0.990536277602524,0.812307692307692,0.367851622874807,1,0.842271293375394,0.00158227848101266,0.598387096774194,0.977635782747604,0.0016025641025641,0.8848,0.764135702746365,0.778996865203762,0.8140625,0.6336,0.820967741935484,0,0.438095238095238,0.1578125,0.998420221169036,0,0.996894409937888,0.619651347068146,0.0437601296596434,0.11875,0.880573248407643,0.582664526484751,0.0253565768621236,0.778861788617886,0.797752808988764,0.0299212598425197,0.650082918739635,0.0847723704866562
"4",0.810810810810811,0,0.886581469648562,1,0.536507936507936,0.224458204334365,0.0263975155279503,0.0289193302891933,0.895734597156398,0.671383647798742,0.691318327974277,0.0279503105590062,0.0952380952380952,0.501597444089457,0.415481832543444,0.894154818325434,0,0.734059097978227,0.911764705882353,0.707667731629393,0.726688102893891,0.0016,0.546439628482972,0.421900161030596,0.0317460317460317,0.00152905198776758,0.046801872074883,0.689102564102564,0.063391442155309,0.0412698412698413,0.470881863560732,0.577287066246057,0.0330188679245283,0.0315955766192733,0,0,0.281399046104928,0.0060882800608828,0.925396825396825,0.845553822152886,0.430555555555556,0.9216,0.873634945397816,0.019047619047619,0.655007949125596,0.92879746835443,0.0272873194221509,0.878594249201278,0.7,0.705696202531646,0.841091492776886,0.654781199351702,0.786752827140549,0,0.511146496815287,0.228209191759113,0.905144694533762,0.00495049504950495,0.897356143079316,0.660910518053375,0.0523809523809524,0.203732503888025,0.804173354735153,0.633550488599348,0.0423452768729642,0.6957928802589,0.724755700325733,0.0363924050632911,0.666666666666667,0.147104851330203
"5",0.351181102362205,0,0.471428571428571,0.536507936507936,1,0.575987841945289,0.169254658385093,0.22289156626506,0.626182965299685,0.853168469860896,0.237341772151899,0.207109737248841,0,0.998422712933754,0.887345679012346,0.631172839506173,0,0.255417956656347,0.488076311605723,0.233333333333333,0.264240506329114,0,0.98613251155624,0.91588785046729,0.250798722044728,0,0,0.8578352180937,0.468315301391036,0,0.845410628019324,0.959119496855346,0.328703703703704,0.354788069073783,0,0,0.711627906976744,0,0.480314960629921,0.67624810892587,0.901869158878505,0.489795918367347,0.655172413793103,0.189814814814815,0.882447665056361,0.477379095163807,0.174050632911392,0.613924050632911,0.2192,0.235294117647059,0.698412698412698,0.85214626391097,0.293838862559242,0,0.996937212863706,0.693396226415094,0.491283676703645,0,0.486153846153846,0.86875,0,0.629969418960245,0.335443037974684,0.907790143084261,0,0.228525121555916,0.264659270998415,0,0.842276422764228,0.0568356374807988
"6",0.0540958268933539,0.117021276595745,0.12037037037037,0.224458204334365,0.575987841945289,1,0.607518796992481,0.651470588235294,0.240369799691834,0.434190620272315,0.00916030534351145,0.664167916041979,0,0.604327666151468,0.706870229007634,0.222388059701493,0.292237442922374,0.0169753086419753,0.132716049382716,0.0108191653786708,0.0172684458398744,0.294670846394984,0.564564564564565,0.701996927803379,0.687975646879756,0.296240601503759,0.0210843373493976,0.41692789968652,0.881901840490798,0.0217054263565891,0.742138364779874,0.521341463414634,0.761689291101056,0.783458646616541,0.10625,0.102484472049689,0.903225806451613,0.0576923076923077,0.141524105754277,0.255287009063444,0.6996996996997,0.120795107033639,0.236363636363636,0.641255605381166,0.429892141756549,0.141122913505311,0.626959247648903,0.214395099540582,0.0111111111111111,0.0153374233128834,0.253048780487805,0.414330218068536,0.0376766091051805,0.123493975903614,0.593323216995448,0.919504643962848,0.125776397515528,0.0640625,0.128787878787879,0.43030303030303,0.00153846153846154,0.960960960960961,0.0462962962962963,0.470948012232416,0.0108864696734059,0.0110410094637224,0.015552099533437,0.0167682926829268,0.393026941362916,0.102874432677761
"7",0.00305343511450382,0.572317262830482,0.00156494522691706,0.0263975155279503,0.169254658385093,0.607518796992481,1,0.974626865671642,0.00925925925925926,0.0212765957446809,0.0031104199066874,0.971342383107089,0.187028657616893,0.19188767550702,0.304147465437788,0.00151745068285281,0.722650231124807,0.0015220700152207,0.00156985871271586,0.00152905198776758,0.00314465408805031,0.708722741433022,0.161875945537065,0.291158536585366,0.957613814756672,0.725782414307005,0.315629742033384,0.0364500792393027,0.709035222052067,0.3015625,0.352564102564103,0.132605304212168,0.876335877862595,0.827371695178849,0.548837209302326,0.556748466257669,0.474006116207951,0.418879056047198,0.00463678516228748,0.0015015015015015,0.292168674698795,0.00152905198776758,0.00151975683890578,0.992283950617284,0.0421216848673947,0.0138674884437596,0.9921875,0.00153609831029186,0.0064,0.00462249614791988,0.00155763239875389,0.0217729393468118,0.00313971742543171,0.53953488372093,0.192901234567901,0.483619344773791,0.00308166409861325,0.475279106858054,0.00303030303030303,0.0332326283987915,0.262269938650307,0.551359516616314,0,0.0594679186228482,0.292913385826772,0.00316455696202532,0.00155038759689922,0.285496183206107,0.0174603174603175,0.366366366366366
"8",0.00605143721633888,0.523520485584218,0.00153609831029186,0.0289193302891933,0.22289156626506,0.651470588235294,0.974626865671642,1,0.0120481927710843,0.0515463917525773,0.00612557427258806,1,0.137370753323486,0.237730061349693,0.341906202723147,0.0014903129657228,0.67814371257485,0.00445103857566766,0.00151285930408472,0.00451127819548872,0.0062111801242236,0.669710806697108,0.201767304860088,0.324850299401198,0.983128834355828,0.695652173913043,0.258258258258258,0.0625,0.775297619047619,0.253799392097264,0.393241167434716,0.161961367013373,0.919117647058823,0.874622356495468,0.506849315068493,0.509090909090909,0.503782148260212,0.359712230215827,0.00757575757575758,0.00293255131964809,0.326923076923077,0.00149253731343284,0.00149476831091181,0.991058122205663,0.083969465648855,0.0104947526236882,0.961597542242704,0.00151745068285281,0.00612557427258806,0.0075642965204236,0.00152905198776758,0.0520673813169985,0.00614439324116743,0.496996996996997,0.244343891402715,0.544494720965309,0.00302114803625378,0.430321592649311,0.00149476831091181,0.0670640834575261,0.213751868460389,0.602985074626866,0.00308166409861325,0.107033639143731,0.230889235569423,0.00789889415481832,0.00299850074962519,0.227409638554217,0.0478395061728395,0.32396449704142
"9",0.743630573248408,0,0.845659163987138,0.895734597156398,0.626182965299685,0.240369799691834,0.00925925925925926,0.0120481927710843,1,0.781931464174455,0.611727416798732,0.0107361963190184,0.0171073094867807,0.594637223974763,0.486739469578783,0.969325153374233,0,0.657770800627943,0.861685214626391,0.622083981337481,0.6608,0,0.645608628659476,0.500777604976672,0.0125786163522013,0,0.00155038759689922,0.788553259141494,0.0944272445820433,0.00316455696202532,0.503215434083601,0.679873217115689,0.015552099533437,0.0250391236306729,0,0,0.352112676056338,0,0.8453125,0.957186544342508,0.510769230769231,0.855590062111801,0.976452119309262,0.00938967136150235,0.759112519809826,0.855813953488372,0.0126182965299685,0.953343701399689,0.620192307692308,0.61259842519685,0.953198127925117,0.784219001610306,0.693163751987281,0,0.59594383775351,0.292913385826772,0.855325914149444,0,0.834890965732087,0.767228177641654,0.0031201248049922,0.260736196319018,0.741269841269841,0.725677830940989,0.00159235668789809,0.632850241545894,0.644444444444444,0.00156494522691706,0.795121951219512,0.0807926829268293
"10",0.505426356589147,0,0.63020030816641,0.671383647798742,0.853168469860896,0.434190620272315,0.0212765957446809,0.0515463917525773,0.781931464174455,1,0.3703125,0.0518292682926829,0,0.8421875,0.738131699846861,0.787878787878788,0,0.41248097412481,0.64018691588785,0.386153846153846,0.403785488958991,0,0.855623100303951,0.752279635258359,0.0825396825396825,0,0,1,0.300763358778626,0,0.666666666666667,0.896124031007752,0.150387596899225,0.191063174114022,0,0,0.566820276497696,0,0.614791987673344,0.838368580060423,0.738131699846861,0.64,0.812206572769953,0.0364741641337386,0.988888888888889,0.595975232198142,0.026984126984127,0.7765625,0.374603174603175,0.39403453689168,0.842592592592593,1,0.429022082018927,0,0.841860465116279,0.53858024691358,0.615987460815047,0,0.622496147919877,0.998477929984779,0,0.477996965098634,0.486614173228346,0.966929133858268,0,0.396850393700787,0.413416536661466,0,1,0.0274390243902439
"11",0.890499194847021,0.00158227848101266,0.761750405186386,0.691318327974277,0.237341772151899,0.00916030534351145,0.0031104199066874,0.00612557427258806,0.611727416798732,0.3703125,1,0.0062111801242236,0.381026438569207,0.219589257503949,0.144674085850556,0.610591900311526,0,0.984326018808777,0.756714060031596,1,0.976114649681529,0,0.251170046801872,0.146031746031746,0.00315955766192733,0,0.254658385093168,0.385964912280702,0.00317965023847377,0.261075949367089,0.147540983606557,0.28436018957346,0.00467289719626168,0.00623052959501558,0.00810372771474878,0.00481540930979133,0.00958466453674121,0.143939393939394,0.764150943396226,0.560975609756098,0.135093167701863,0.761006289308176,0.600311041990669,0.00470957613814757,0.369181380417335,0.773790951638066,0.00966183574879227,0.625796178343949,0.996747967479675,0.996805111821086,0.550239234449761,0.391785150078989,0.938211382113821,0.00625,0.227707006369427,0.00315457413249211,0.770465489566613,0.0836065573770492,0.771739130434783,0.37904468412943,0.274603174603175,0.00930232558139535,0.908794788273616,0.330143540669856,0.272435897435897,1,0.974068071312804,0.2625,0.397727272727273,0.360248447204969
"12",0.0062015503875969,0.507739938080495,0.00156494522691706,0.0279503105590062,0.207109737248841,0.664167916041979,0.971342383107089,1,0.0107361963190184,0.0518292682926829,0.0062111801242236,1,0.126911314984709,0.238021638330757,0.343511450381679,0.00152439024390244,0.671232876712329,0.00455927051671732,0.00153609831029186,0.00462249614791988,0.00625978090766823,0.665629860031104,0.199101796407186,0.328746177370031,0.990566037735849,0.693353474320242,0.247747747747748,0.0699523052464229,0.7782874617737,0.239197530864198,0.391849529780564,0.154559505409583,0.927272727272727,0.879019908116386,0.489130434782609,0.490740740740741,0.526717557251908,0.349182763744428,0.00766871165644172,0.0030441400304414,0.324734446130501,0.00152905198776758,0.00153846153846154,0.992319508448541,0.0870917573872473,0.0124031007751938,0.96411856474259,0.00153139356814701,0.00635930047694754,0.00927357032457496,0.00156985871271586,0.046656298600311,0.00622083981337481,0.476190476190476,0.230182926829268,0.562691131498471,0.00307692307692308,0.410459587955626,0.00152439024390244,0.0658499234303216,0.2,0.615501519756839,0.003125,0.104134762633997,0.230889235569423,0.00796178343949045,0.003125,0.22644376899696,0.04,0.299847792998478
"13",0.235474006116208,0.632558139534884,0.1453125,0.0952380952380952,0,0,0.187028657616893,0.137370753323486,0.0171073094867807,0,0.381026438569207,0.126911314984709,1,0,0,0.0239520958083832,0.450858034321373,0.342507645259939,0.127131782945736,0.377329192546584,0.348909657320872,0.470125786163522,0,0,0.0970724191063174,0.460972017673049,0.897897897897898,0,0,0.919254658385093,0.00632911392405063,0,0.0301204819277108,0.00914634146341463,0.640502354788069,0.65149136577708,0,0.799410029498525,0.138461538461538,0.00455235204855842,0,0.124615384615385,0.00615384615384615,0.151468315301391,0,0.136858475894246,0.177394034536892,0.0170015455950541,0.388535031847134,0.374213836477987,0.00467289719626168,0,0.301412872841444,0.64624808575804,0,0,0.139498432601881,0.712241653418124,0.140483383685801,0,0.944700460829493,0,0.253067484662577,0,0.9109375,0.36608557844691,0.349304482225657,0.924615384615385,0,0.790591805766313
"14",0.340189873417722,0,0.438985736925515,0.501597444089457,0.998422712933754,0.604327666151468,0.19188767550702,0.237730061349693,0.594637223974763,0.8421875,0.219589257503949,0.238021638330757,0,1,0.896713615023474,0.593798449612403,0,0.244204018547141,0.447833065810594,0.217527386541471,0.245928338762215,0.00160513643659711,0.978361669242658,0.924170616113744,0.267090620031797,0.00152671755725191,0,0.851910828025478,0.492913385826772,0,0.84640522875817,0.951486697965571,0.34715821812596,0.3801261829653,0,0,0.730031948881789,0,0.440124416796268,0.649769585253456,0.91358024691358,0.447409733124019,0.628751974723539,0.208398133748056,0.876190476190476,0.445151033386327,0.1952,0.584786053882726,0.221690590111643,0.22626582278481,0.667192429022082,0.838607594936709,0.272583201267829,0,1,0.712480252764613,0.448,0,0.447737909516381,0.84984520123839,0,0.654205607476635,0.332278481012658,0.896496815286624,0,0.217886178861789,0.25,0,0.829268292682927,0.0514820592823713
"15",0.246913580246914,0,0.362916006339144,0.415481832543444,0.887345679012346,0.706870229007634,0.304147465437788,0.341906202723147,0.486739469578783,0.738131699846861,0.144674085850556,0.343511450381679,0,0.896713615023474,1,0.5,0.0015527950310559,0.174506828528073,0.365354330708661,0.144838212634823,0.168539325842697,0.00158227848101266,0.875384615384615,0.998442367601246,0.377742946708464,0.00302571860816944,0,0.738095238095238,0.582822085889571,0,0.938709677419355,0.849144634525661,0.452599388379205,0.485225505443235,0,0,0.822327044025157,0,0.350850077279753,0.533434650455927,1,0.353218210361067,0.502318392581144,0.32093023255814,0.765723270440252,0.346094946401225,0.301916932907348,0.483516483516484,0.141252006420546,0.157977883096367,0.540540540540541,0.725,0.1984375,0,0.896923076923077,0.806552262090484,0.345368916797488,0,0.347496206373293,0.745038167938931,0,0.757164404223228,0.245283018867925,0.777604976671851,0,0.141479099678457,0.163492063492063,0,0.715654952076677,0.0945121951219512
"16",0.739197530864197,0,0.85625,0.894154818325434,0.631172839506173,0.222388059701493,0.00151745068285281,0.0014903129657228,0.969325153374233,0.787878787878788,0.610591900311526,0.00152439024390244,0.0239520958083832,0.593798449612403,0.5,1,0,0.652307692307692,0.865740740740741,0.617647058823529,0.653666146645866,0,0.638138138138138,0.498452012383901,0.00311526479750779,0,0.00454545454545455,0.794912559618442,0.0839813374805599,0.00772797527047913,0.486486486486487,0.661514683153014,0.00757575757575758,0.0185185185185185,0,0,0.334365325077399,0,0.849544072948328,0.981790591805766,0.517293233082707,0.865325077399381,0.979750778816199,0.00153374233128834,0.760188087774295,0.835658914728682,0.00156739811912226,0.972350230414747,0.602848101265823,0.624610591900312,0.973643410852713,0.799682034976153,0.683464566929134,0,0.604294478527607,0.293291731669267,0.845553822152886,0,0.842424242424242,0.773006134969325,0.0108527131782946,0.250381679389313,0.741835147744946,0.742448330683625,0.00470219435736677,0.630645161290323,0.645962732919255,0.0060790273556231,0.801292407108239,0.0672782874617737
"17",0,0.859154929577465,0,0,0,0.292237442922374,0.722650231124807,0.67814371257485,0,0,0,0.671232876712329,0.450858034321373,0,0.0015527950310559,0,1,0,0,0,0,0.998412698412698,0,0,0.645007923930269,1,0.600306278713629,0,0.430124223602484,0.58609794628752,0.0318979266347687,0,0.579754601226994,0.542242703533026,0.845786963434022,0.848966613672496,0.179527559055118,0.69969512195122,0,0,0.00154083204930663,0,0,0.697637795275591,0,0,0.717252396166134,0,0,0,0,0,0,0.842349304482226,0,0.200312989045383,0,0.784440842787682,0,0,0.557275541795666,0.244582043343653,0,0,0.562398703403566,0,0,0.588509316770186,0,0.48936170212766
"18",0.917981072555205,0,0.7890625,0.734059097978227,0.255417956656347,0.0169753086419753,0.0015220700152207,0.00445103857566766,0.657770800627943,0.41248097412481,0.984326018808777,0.00455927051671732,0.342507645259939,0.244204018547141,0.174506828528073,0.652307692307692,0,1,0.784037558685446,0.981366459627329,1,0,0.269525267993874,0.160686427457098,0.00316455696202532,0,0.234662576687117,0.429467084639498,0.0015220700152207,0.235478806907378,0.166402535657686,0.307453416149068,0.00459418070444104,0.0046656298600311,0,0,0.0232919254658385,0.116766467065868,0.787136294027565,0.6,0.165151515151515,0.791925465838509,0.642201834862385,0.00307692307692308,0.413793103448276,0.801232665639445,0.00634920634920635,0.675039246467818,0.977491961414791,0.9828125,0.6,0.421875,0.971337579617834,0,0.242612752721617,0.0140405616224649,0.802215189873418,0.0628019323671498,0.796946564885496,0.416282642089094,0.249612403100775,0.0168195718654434,0.932069510268562,0.365354330708661,0.242472266244057,0.985691573926868,1,0.237129485179407,0.42472266244057,0.348091603053435
"19",0.893890675241158,0,0.998405103668262,0.911764705882353,0.488076311605723,0.132716049382716,0.00156985871271586,0.00151285930408472,0.861685214626391,0.64018691588785,0.756714060031596,0.00153609831029186,0.127131782945736,0.447833065810594,0.365354330708661,0.865740740740741,0,0.784037558685446,1,0.757234726688103,0.780290791599354,0,0.488188976377953,0.374414976599064,0.0032258064516129,0,0.021875,0.654220779220779,0.00632911392405063,0.0223642172523962,0.363934426229508,0.5424,0.00157232704402516,0.00155038759689922,0,0,0.205787781350482,0,0.993640699523052,0.823348694316436,0.383647798742138,0.9984375,0.850157728706625,0.00158730158730159,0.614262560777958,0.985781990521327,0.00321543408360129,0.889415481832543,0.749185667752443,0.767628205128205,0.82615629984051,0.641269841269841,0.819063004846527,0,0.459459459459459,0.173228346456693,1,0,0.996875,0.624803767660911,0.036624203821656,0.1296875,0.883683360258481,0.587947882736156,0.0226171243941842,0.76797385620915,0.786173633440514,0.0190779014308426,0.663934426229508,0.0907668231611894
"20",0.891891891891892,0.00157232704402516,0.766773162939297,0.707667731629393,0.233333333333333,0.0108191653786708,0.00152905198776758,0.00451127819548872,0.622083981337481,0.386153846153846,1,0.00462249614791988,0.377329192546584,0.217527386541471,0.144838212634823,0.617647058823529,0,0.981366459627329,0.757234726688103,1,0.979365079365079,0,0.238390092879257,0.140845070422535,0.00157232704402516,0,0.26027397260274,0.397435897435897,0.00465116279069767,0.259554140127389,0.14975845410628,0.270606531881804,0.00308166409861325,0.00465116279069767,0.00796178343949045,0.00316455696202532,0.0124416796267496,0.147640791476408,0.769475357710652,0.56859756097561,0.139751552795031,0.769230769230769,0.597523219814242,0.00311526479750779,0.372424722662441,0.777950310559006,0.0064,0.634340222575517,0.993620414673046,0.996889580093313,0.561996779388084,0.399053627760252,0.948717948717949,0.0063391442155309,0.229329173166927,0.00788643533123028,0.77373417721519,0.0823723228995058,0.766871165644172,0.384853168469861,0.276629570747218,0.0125,0.903174603174603,0.339652448657188,0.274603174603175,1,0.977848101265823,0.258970358814353,0.404153354632588,0.365591397849462
"21",0.915739268680445,0,0.790064102564103,0.726688102893891,0.264240506329114,0.0172684458398744,0.00314465408805031,0.0062111801242236,0.6608,0.403785488958991,0.976114649681529,0.00625978090766823,0.348909657320872,0.245928338762215,0.168539325842697,0.653666146645866,0,1,0.780290791599354,0.979365079365079,1,0,0.277691107644306,0.165869218500797,0.00319488817891374,0,0.230889235569423,0.415711947626841,0.00470957613814757,0.226475279106858,0.171521035598705,0.311897106109325,0.004739336492891,0.00635930047694754,0,0,0.0267716535433071,0.116207951070336,0.797124600638978,0.600931677018634,0.16380655226209,0.799682034976153,0.647527910685805,0.00478468899521531,0.411861614497529,0.805993690851735,0.00490998363338789,0.668831168831169,0.970394736842105,0.974235104669887,0.601612903225806,0.42443729903537,0.966237942122186,0,0.244479495268139,0.0158730158730159,0.809756097560976,0.0586319218241042,0.796238244514107,0.422291993720565,0.248407643312102,0.015625,0.93431855500821,0.388443017656501,0.236065573770492,0.983361064891847,0.998402555910543,0.231746031746032,0.433993399339934,0.339144215530903
"22",0,0.871428571428571,0,0.0016,0,0.294670846394984,0.708722741433022,0.669710806697108,0,0,0,0.665629860031104,0.470125786163522,0.00160513643659711,0.00158227848101266,0,0.998412698412698,0,0,0,0,1,0,0.00156494522691706,0.639291465378422,1,0.6015625,0,0.423756019261637,0.590243902439024,0.0309446254071661,0,0.57345971563981,0.526148969889065,0.851612903225806,0.861337683523654,0.1743264659271,0.721286370597244,0,0,0.00156494522691706,0,0,0.695652173913043,0,0,0.704944178628389,0,0,0,0,0,0,0.855784469096672,0.00158227848101266,0.184168012924071,0,0.774086378737541,0,0,0.568938193343899,0.238993710691824,0,0,0.587662337662338,0,0,0.586538461538462,0,0.459119496855346
"23",0.371517027863777,0,0.485271317829457,0.546439628482972,0.98613251155624,0.564564564564565,0.161875945537065,0.201767304860088,0.645608628659476,0.855623100303951,0.251170046801872,0.199101796407186,0,0.978361669242658,0.875384615384615,0.638138138138138,0,0.269525267993874,0.488188976377953,0.238390092879257,0.277691107644306,0,1,0.896764252696456,0.229559748427673,0,0,0.871632329635499,0.445635528330781,0,0.819935691318328,0.982945736434109,0.299698795180723,0.344615384615385,0,0,0.703125,0,0.486196319018405,0.678247734138973,0.879518072289157,0.498461538461538,0.666153846153846,0.180152671755725,0.895569620253165,0.491551459293395,0.170278637770898,0.635093167701863,0.240944881889764,0.25585023400936,0.698289269051322,0.849921011058452,0.307086614173228,0,0.968944099378882,0.684375,0.498456790123457,0,0.499229583975347,0.872919818456883,0,0.620272314674735,0.349304482225657,0.916666666666667,0,0.242902208201893,0.282608695652174,0,0.854632587859425,0.0605143721633888
"24",0.253968253968254,0,0.355555555555556,0.421900161030596,0.91588785046729,0.701996927803379,0.291158536585366,0.324850299401198,0.500777604976672,0.752279635258359,0.146031746031746,0.328746177370031,0,0.924170616113744,0.998442367601246,0.498452012383901,0,0.160686427457098,0.374414976599064,0.140845070422535,0.165869218500797,0.00156494522691706,0.896764252696456,1,0.36260162601626,0.00153139356814701,0,0.751203852327448,0.58695652173913,0,0.942028985507246,0.869085173501577,0.444272445820433,0.482059282371295,0,0,0.821596244131455,0,0.363207547169811,0.539050535987749,0.996904024767802,0.368501529051988,0.522834645669291,0.311424100156495,0.767295597484277,0.355694227769111,0.2864,0.481832543443918,0.142394822006472,0.154205607476636,0.551505546751189,0.735668789808917,0.201277955271566,0,0.919129082426128,0.807570977917981,0.357945425361156,0,0.35548686244204,0.753067484662577,0,0.758461538461538,0.245669291338583,0.7872,0,0.140776699029126,0.166144200626959,0,0.727126805778491,0.0807926829268293
"25",0.00475435816164818,0.480252764612954,0.00316957210776545,0.0317460317460317,0.250798722044728,0.687975646879756,0.957613814756672,0.983128834355828,0.0125786163522013,0.0825396825396825,0.00315955766192733,0.990566037735849,0.0970724191063174,0.267090620031797,0.377742946708464,0.00311526479750779,0.645007923930269,0.00316455696202532,0.0032258064516129,0.00157232704402516,0.00319488817891374,0.639291465378422,0.229559748427673,0.36260162601626,1,0.661042944785276,0.218604651162791,0.0985691573926868,0.817749603803486,0.2064,0.425774877650897,0.201574803149606,0.958397534668721,0.921974522292994,0.46422893481717,0.458064516129032,0.55591054313099,0.308868501529052,0.00634920634920635,0.00461538461538462,0.365891472868217,0.00308166409861325,0.00315457413249211,0.976228209191759,0.107717041800643,0.010989010989011,0.9472,0.00319488817891374,0.00811688311688312,0.0064,0.00321027287319422,0.0766721044045677,0.00480769230769231,0.447452229299363,0.27244094488189,0.596875,0.00479233226837061,0.394039735099338,0.0031201248049922,0.0975232198142415,0.16403785488959,0.65015479876161,0.0032,0.126805778491172,0.198717948717949,0.00483091787439614,0.00158227848101266,0.187793427230047,0.0792880258899676,0.271875
"26",0,0.86322188449848,0,0.00152905198776758,0,0.296240601503759,0.725782414307005,0.695652173913043,0,0,0,0.693353474320242,0.460972017673049,0.00152671755725191,0.00302571860816944,0,1,0,0,0,0,1,0,0.00153139356814701,0.661042944785276,1,0.594311377245509,0,0.426204819277108,0.579268292682927,0.031055900621118,0,0.582089552238806,0.543674698795181,0.846153846153846,0.845329249617152,0.174772036474164,0.701601164483261,0,0,0.0029940119760479,0,0,0.705438066465257,0,0,0.715821812596006,0,0,0,0,0,0,0.846270928462709,0.0015220700152207,0.200305810397554,0,0.766718506998445,0,0,0.559398496240601,0.24287856071964,0,0,0.565284178187404,0,0,0.571212121212121,0,0.466367713004484
"27",0.130970724191063,0.750387596899225,0.0204081632653061,0.046801872074883,0,0.0210843373493976,0.315629742033384,0.258258258258258,0.00155038759689922,0,0.254658385093168,0.247747747747748,0.897897897897898,0,0,0.00454545454545455,0.600306278713629,0.234662576687117,0.021875,0.26027397260274,0.230889235569423,0.6015625,0,0,0.218604651162791,0.594311377245509,1,0,0.0168970814132104,0.998456790123457,0.00966183574879227,0,0.144157814871017,0.108191653786708,0.779179810725552,0.766718506998445,0,0.911504424778761,0.0294573643410853,0,0,0.0199081163859112,0,0.272727272727273,0,0.0341085271317829,0.284578696343402,0,0.255961844197138,0.250388802488336,0,0,0.2,0.768160741885626,0,0,0.025,0.830097087378641,0.0257186081694402,0,0.989164086687306,0.00153609831029186,0.1421875,0,0.998425196850394,0.242375601926164,0.221705426356589,0.996946564885496,0,0.87211093990755
"28",0.523274478330658,0,0.636952998379254,0.689102564102564,0.8578352180937,0.41692789968652,0.0364500792393027,0.0625,0.788553259141494,1,0.385964912280702,0.0699523052464229,0,0.851910828025478,0.738095238095238,0.794912559618442,0,0.429467084639498,0.654220779220779,0.397435897435897,0.415711947626841,0,0.871632329635499,0.751203852327448,0.0985691573926868,0,0,1,0.299524564183835,0,0.675453047775947,0.90302066772655,0.15987460815047,0.192125984251969,0,0,0.559485530546624,0,0.63349131121643,0.834890965732087,0.746835443037975,0.650793650793651,0.819047619047619,0.0448,0.991909385113269,0.623233908948195,0.0408496732026144,0.7904,0.373355263157895,0.399030694668821,0.836833602584814,0.995176848874598,0.43163097199341,0,0.854199683042789,0.530744336569579,0.630990415335463,0,0.630434782608696,1,0,0.467817896389325,0.508856682769726,0.972312703583062,0,0.399014778325123,0.425806451612903,0,0.993421052631579,0.031055900621118
"29",0.0031496062992126,0.261755485893417,0.00470957613814757,0.063391442155309,0.468315301391036,0.881901840490798,0.709035222052067,0.775297619047619,0.0944272445820433,0.300763358778626,0.00317965023847377,0.7782874617737,0,0.492913385826772,0.582822085889571,0.0839813374805599,0.430124223602484,0.0015220700152207,0.00632911392405063,0.00465116279069767,0.00470957613814757,0.423756019261637,0.445635528330781,0.58695652173913,0.817749603803486,0.426204819277108,0.0168970814132104,0.299524564183835,1,0.0173501577287066,0.626623376623377,0.406106870229008,0.890965732087227,0.929797191887676,0.246467817896389,0.244897959183673,0.767660910518053,0.104477611940299,0.0124031007751938,0.117469879518072,0.582317073170732,0.00934579439252336,0.0911901081916538,0.751926040061633,0.335974643423138,0.0123839009287926,0.72755905511811,0.0638629283489097,0.00158730158730159,0.00470219435736677,0.117924528301887,0.308426073131955,0.00318471337579618,0.246894409937888,0.49390243902439,0.809006211180124,0.00631911532385466,0.188524590163934,0.00455927051671732,0.329268292682927,0,0.854517611026034,0.00155763239875389,0.360123647604328,0.00794912559618442,0.00477707006369427,0.00158982511923688,0.0153139356814701,0.292407108239095,0.0904907975460123
"30",0.139904610492846,0.738782051282051,0.0255591054313099,0.0412698412698413,0,0.0217054263565891,0.3015625,0.253799392097264,0.00316455696202532,0,0.261075949367089,0.239197530864198,0.919254658385093,0,0,0.00772797527047913,0.58609794628752,0.235478806907378,0.0223642172523962,0.259554140127389,0.226475279106858,0.590243902439024,0,0,0.2064,0.579268292682927,0.998456790123457,0,0.0173501577287066,1,0.00811688311688312,0,0.135384615384615,0.0974842767295598,0.769968051118211,0.76,0,0.914503816793893,0.029595015576324,0,0,0.0251968503937008,0,0.262910798122066,0,0.0344827586206897,0.272,0,0.263071895424837,0.254372019077901,0,0,0.206730769230769,0.758620689655172,0,0,0.0239234449760766,0.825370675453048,0.0279503105590062,0,0.992223950233281,0.00154559505409583,0.145367412140575,0,1,0.246280991735537,0.2352,1,0,0.870716510903427
"31",0.247947454844007,0.0230642504118616,0.334415584415584,0.470881863560732,0.845410628019324,0.742138364779874,0.352564102564103,0.393241167434716,0.503215434083601,0.666666666666667,0.147540983606557,0.391849529780564,0.00632911392405063,0.84640522875817,0.938709677419355,0.486486486486487,0.0318979266347687,0.166402535657686,0.363934426229508,0.14975845410628,0.171521035598705,0.0309446254071661,0.819935691318328,0.942028985507246,0.425774877650897,0.031055900621118,0.00966183574879227,0.675453047775947,0.626623376623377,0.00811688311688312,1,0.790322580645161,0.497622820919176,0.527070063694268,0.0129449838187702,0.011437908496732,0.840322580645161,0.00773993808049536,0.37037037037037,0.493710691823899,0.939490445859873,0.346709470304976,0.47258064516129,0.360258481421648,0.686178861788618,0.37037037037037,0.358428805237316,0.463414634146341,0.150413223140496,0.152866242038217,0.495161290322581,0.648867313915858,0.213689482470785,0.028892455858748,0.852564102564103,0.8128,0.353896103896104,0.010016694490818,0.343402225755167,0.674085850556439,0.00483091787439614,0.780952380952381,0.226384364820847,0.717355371900826,0.00825082508250825,0.141903171953255,0.17124394184168,0.00801282051282051,0.644844517184943,0.129392971246006
"32",0.418096723868955,0,0.515822784810127,0.577287066246057,0.959119496855346,0.521341463414634,0.132605304212168,0.161961367013373,0.679873217115689,0.896124031007752,0.28436018957346,0.154559505409583,0,0.951486697965571,0.849144634525661,0.661514683153014,0,0.307453416149068,0.5424,0.270606531881804,0.311897106109325,0,0.982945736434109,0.869085173501577,0.201574803149606,0,0,0.90302066772655,0.406106870229008,0,0.790322580645161,1,0.277016742770167,0.30625,0,0,0.674085850556439,0,0.527472527472527,0.712538226299694,0.853395061728395,0.526964560862866,0.691588785046729,0.153605015673981,0.924409448818898,0.5359375,0.158653846153846,0.653481012658228,0.276527331189711,0.29047619047619,0.728414442700157,0.886614173228346,0.347619047619048,0,0.94392523364486,0.635071090047393,0.52931854199683,0,0.53416149068323,0.895612708018154,0,0.570769230769231,0.392282958199357,0.924679487179487,0,0.275244299674267,0.311004784688995,0,0.884364820846905,0.062015503875969
"33",0.0046656298600311,0.401538461538462,0.0015527950310559,0.0330188679245283,0.328703703703704,0.761689291101056,0.876335877862595,0.919117647058823,0.015552099533437,0.150387596899225,0.00467289719626168,0.927272727272727,0.0301204819277108,0.34715821812596,0.452599388379205,0.00757575757575758,0.579754601226994,0.00459418070444104,0.00157232704402516,0.00308166409861325,0.004739336492891,0.57345971563981,0.299698795180723,0.444272445820433,0.958397534668721,0.582089552238806,0.144157814871017,0.15987460815047,0.890965732087227,0.135384615384615,0.497622820919176,0.277016742770167,1,0.992295839753467,0.394321766561514,0.394321766561514,0.628659476117103,0.24812030075188,0.00610687022900763,0.0120845921450151,0.430091185410334,0.00154320987654321,0.00603318250377074,0.905053598774885,0.17425431711146,0.0122887864823349,0.882629107981221,0.00309597523219814,0.0063391442155309,0.00778816199376947,0.0093167701863354,0.136724960254372,0.0046875,0.37904468412943,0.348837209302326,0.673405909797823,0.00313971742543171,0.321144674085851,0.00153846153846154,0.160741885625966,0.106153846153846,0.720183486238532,0.0031201248049922,0.204368174726989,0.125786163522013,0.00641025641025641,0.00311526479750779,0.130368098159509,0.134920634920635,0.202723146747353
"34",0.00622083981337481,0.364779874213836,0.0015748031496063,0.0315955766192733,0.354788069073783,0.783458646616541,0.827371695178849,0.874622356495468,0.0250391236306729,0.191063174114022,0.00623052959501558,0.879019908116386,0.00914634146341463,0.3801261829653,0.485225505443235,0.0185185185185185,0.542242703533026,0.0046656298600311,0.00155038759689922,0.00465116279069767,0.00635930047694754,0.526148969889065,0.344615384615385,0.482059282371295,0.921974522292994,0.543674698795181,0.108191653786708,0.192125984251969,0.929797191887676,0.0974842767295598,0.527070063694268,0.30625,0.992295839753467,1,0.354531001589825,0.348580441640379,0.669811320754717,0.216216216216216,0.00769230769230769,0.0229007633587786,0.470137825421133,0.0015625,0.0124416796267496,0.867394695787831,0.22257053291536,0.0077639751552795,0.846875,0.00467289719626168,0.00644122383252818,0.00792393026941363,0.0190174326465927,0.183962264150943,0.0064,0.352941176470588,0.385093167701863,0.717628705148206,0.0031496062992126,0.293075684380032,0.00154320987654321,0.209627329192547,0.0668740279937792,0.745398773006135,0.00314465408805031,0.248025276461295,0.0984126984126984,0.00809061488673139,0.00312989045383412,0.105426356589147,0.174959871589085,0.187306501547988
"35",0,0.996825396825397,0,0,0,0.10625,0.548837209302326,0.506849315068493,0,0,0.00810372771474878,0.489130434782609,0.640502354788069,0,0,0,0.845786963434022,0,0,0.00796178343949045,0,0.851612903225806,0,0,0.46422893481717,0.846153846153846,0.779179810725552,0,0.246467817896389,0.769968051118211,0.0129449838187702,0,0.394321766561514,0.354531001589825,1,1,0.0158227848101266,0.873282442748092,0,0,0,0,0,0.528571428571429,0,0,0.535483870967742,0,0.00816993464052288,0.00630914826498423,0,0,0,1,0,0.0287081339712919,0,0.946078431372549,0,0,0.743630573248408,0.0607476635514019,0,0,0.7568,0.00483091787439614,0,0.763116057233704,0,0.567441860465116
"36",0,0.9984,0,0,0,0.102484472049689,0.556748466257669,0.509090909090909,0,0,0.00481540930979133,0.490740740740741,0.65149136577708,0,0,0,0.848966613672496,0,0,0.00316455696202532,0,0.861337683523654,0,0,0.458064516129032,0.845329249617152,0.766718506998445,0,0.244897959183673,0.76,0.011437908496732,0,0.394321766561514,0.348580441640379,1,1,0.0141065830721003,0.871987951807229,0,0,0,0,0,0.518341307814992,0,0,0.533333333333333,0,0.00484652665589661,0.00318979266347687,0,0,0,1,0,0.0331230283911672,0,0.936378466557912,0,0,0.748837209302326,0.065625,0,0,0.753623188405797,0.00482315112540193,0,0.764240506329114,0,0.556603773584906
"37",0.0825545171339564,0.028125,0.191153238546603,0.281399046104928,0.711627906976744,0.903225806451613,0.474006116207951,0.503782148260212,0.352112676056338,0.566820276497696,0.00958466453674121,0.526717557251908,0,0.730031948881789,0.822327044025157,0.334365325077399,0.179527559055118,0.0232919254658385,0.205787781350482,0.0124416796267496,0.0267716535433071,0.1743264659271,0.703125,0.821596244131455,0.55591054313099,0.174772036474164,0,0.559485530546624,0.767660910518053,0,0.840322580645161,0.674085850556439,0.628659476117103,0.669811320754717,0.0158227848101266,0.0141065830721003,1,0.00151975683890578,0.198127925117005,0.386748844375963,0.821538461538462,0.184899845916795,0.350793650793651,0.494539781591264,0.5808,0.197802197802198,0.468998410174881,0.323854660347551,0.00806451612903226,0.0143540669856459,0.381933438985737,0.5515625,0.0544871794871795,0.0315457413249211,0.735433070866142,0.984177215189873,0.19047619047619,0.00164473684210526,0.1921875,0.569875776397516,0,0.955453149001536,0.0753532182103611,0.597444089456869,0,0.011400651465798,0.0252365930599369,0,0.545751633986928,0.075968992248062
"38",0.0192878338278932,0.856060606060606,0,0.0060882800608828,0,0.0576923076923077,0.418879056047198,0.359712230215827,0,0,0.143939393939394,0.349182763744428,0.799410029498525,0,0,0,0.69969512195122,0.116766467065868,0,0.147640791476408,0.116207951070336,0.721286370597244,0,0,0.308868501529052,0.701601164483261,0.911504424778761,0,0.104477611940299,0.914503816793893,0.00773993808049536,0,0.24812030075188,0.216216216216216,0.873282442748092,0.871987951807229,0.00151975683890578,1,0,0,0,0,0,0.373692077727952,0,0.00150375939849624,0.384732824427481,0,0.144615384615385,0.13767019667171,0,0,0.0870229007633588,0.863157894736842,0,0.00150829562594268,0,0.931034482758621,0,0,0.890225563909774,0.0133333333333333,0.0243531202435312,0,0.912307692307692,0.126348228043143,0.109923664122137,0.914798206278027,0,0.724137931034483
