"","V1","V2","V3","V4","V5","V6","V7","V8","V9","V10","V11","V12","V13","V14","V15","V16","V17","V18","V19","V20","V21","V22","V23","V24","V25","V26","V27","V28","V29","V30","V31","V32","V33","V34","V35","V36","V37","V38","V39","V40","V41","V42","V43","V44","V45","V46","V47","V48","V49","V50","V51","V52","V53","V54","V55","V56","V57","V58","V59","V60","V61","V62","V63","V64","V65","V66","V67","V68","V69","V70"
"1",1,0,0.9136,0.812400635930048,0.0976377952755905,0.00463678516228748,0.00152671755725191,0.00151285930408472,0.668789808917197,0.15968992248062,0.882447665056361,0.00155038759689922,0.0749235474006116,0.10126582278481,0.0401234567901235,0.330246913580247,0,0.94006309148265,0.951768488745981,0.891891891891892,0.941176470588235,0,0.0959752321981424,0.0492063492063492,0.00158478605388273,0,0.049306625577812,0.165329052969502,0,0.0365659777424483,0.110016420361248,0.104524180967239,0.0015552099533437,0.0015552099533437,0,0,0.00311526479750779,0.0029673590504451,0.915492957746479,0.26219512195122,0.0432766615146832,0.91499227202473,0.318885448916409,0,0.141945773524721,0.863636363636364,0.00316455696202532,0.385964912280702,0.84789644012945,0.887480190174326,0.266244057052298,0.149443561208267,0.954911433172303,0,0.101246105919003,0,0.941362916006339,0.00160771704180064,0.863287250384025,0.152307692307692,0.0344287949921753,0.00308641975308642,1,0.129746835443038,0.0419354838709677,0.891373801916933,0.933438985736926,0.031496062992126,0.17483660130719,0.383177570093458
"2",0,1,0,0,0,0.0547112462006079,0.278382581648523,0.295902883156297,0,0,0.00158227848101266,0.263157894736842,0.52093023255814,0,0,0,0.719874804381847,0,0,0.00157232704402516,0,0.726984126984127,0,0,0.278041074249605,0.682370820668693,0.578294573643411,0,0.117554858934169,0.58974358974359,0.0131795716639209,0,0.252307692307692,0.226415094339623,0.977777777777778,0.9904,0.0078125,0.692424242424242,0,0,0,0,0,0.273155416012559,0,0,0.248376623376623,0,0.00161030595813205,0.00158227848101266,0,0,0,0.995290423861852,0,0.00786163522012579,0,0.793780687397709,0,0,0.579778830963665,0.0278207109737249,0,0,0.570747217806041,0.0016025641025641,0,0.582278481012658,0,0.216510903426791
"3",0.9136,0,1,0.781150159744409,0.177777777777778,0.00154320987654321,0,0,0.641479099678457,0.26040061633282,0.755267423014587,0,0.015625,0.179080824088748,0.0855784469096672,0.434375,0,0.8171875,0.966507177033493,0.773162939297125,0.8125,0,0.178294573643411,0.104761904761905,0,0,0.00156985871271586,0.244732576985413,0,0,0.0957792207792208,0.183544303797468,0,0,0,0,0.00157977883096367,0,0.94794952681388,0.376923076923077,0.0880989180834621,1,0.408517350157729,0,0.232258064516129,0.848242811501597,0,0.5056,0.725363489499192,0.766457680250784,0.371875,0.2528,0.841935483870968,0,0.192063492063492,0.0015625,0.960505529225908,0,0.933229813664596,0.236133122028526,0.00162074554294976,0.0015625,0.915605095541401,0.223113964686998,0.00158478605388273,0.764227642276423,0.808988764044944,0,0.250414593698176,0.237048665620094
"4",0.812400635930048,0,0.781150159744409,1,0.223809523809524,0.114551083591331,0.0652173913043478,0.0532724505327245,0.783570300157978,0.264150943396226,0.705787781350482,0.046583850931677,0.019047619047619,0.226837060702875,0.17693522906793,0.464454976303318,0,0.754276827371695,0.843137254901961,0.722044728434505,0.754019292604502,0,0.232198142414861,0.178743961352657,0.0555555555555556,0,0.0124804992199688,0.288461538461538,0.0396196513470681,0.00634920634920635,0.369384359400998,0.228706624605678,0.0377358490566038,0.0410742496050553,0,0,0.12241653418124,0,0.852380952380952,0.355694227769111,0.194444444444444,0.8256,0.393135725429017,0.0349206349206349,0.262321144674086,0.85126582278481,0.0609951845906902,0.408945686900958,0.711475409836066,0.721518987341772,0.306581059390048,0.241491085899514,0.81421647819063,0,0.238853503184713,0.0887480190174326,0.84887459807074,0.00165016501650165,0.785381026438569,0.251177394034537,0.00476190476190476,0.0948678071539658,0.818619582664527,0.244299674267101,0.011400651465798,0.6957928802589,0.755700325732899,0.00632911392405063,0.272577996715928,0.383411580594679
"5",0.0976377952755905,0,0.177777777777778,0.223809523809524,1,0.238601823708207,0.0496894409937888,0.052710843373494,0.436908517350158,0.930448222565688,0.0363924050632911,0.0463678516228748,0,0.990536277602524,0.904320987654321,0.739197530864197,0,0.0526315789473684,0.151033386327504,0.0349206349206349,0.0537974683544304,0,0.984591679506934,0.928348909657321,0.0559105431309904,0,0,0.94345718901454,0.174652241112828,0,0.339774557165862,0.918238993710692,0.0725308641975309,0.0800627943485086,0,0,0.372093023255814,0,0.168503937007874,0.824508320726172,0.901869158878505,0.188383045525903,0.778996865203762,0.0169753086419753,0.962962962962963,0.129485179407176,0.0253164556962025,0.705696202531646,0.024,0.0286168521462639,0.831746031746032,0.937996820349762,0.0695102685624013,0,0.992343032159265,0.341194968553459,0.161648177496038,0,0.155384615384615,0.934375,0,0.284403669724771,0.0854430379746835,0.961844197138315,0,0.0324149108589951,0.0538827258320127,0,0.923577235772358,0.00921658986175115
"6",0.00463678516228748,0.0547112462006079,0.00154320987654321,0.114551083591331,0.238601823708207,1,0.816541353383459,0.8,0.0631741140215717,0.172465960665658,0.00305343511450382,0.815592203898051,0,0.25193199381762,0.345038167938931,0.0641791044776119,0.386605783866058,0.00154320987654321,0.00462962962962963,0.00309119010819165,0.00156985871271586,0.38871473354232,0.237237237237237,0.313364055299539,0.821917808219178,0.428571428571429,0.00150602409638554,0.177115987460815,0.941717791411043,0.00155038759689922,0.779874213836478,0.18140243902439,0.843137254901961,0.855639097744361,0.021875,0.0232919254658385,0.913978494623656,0.00887573964497041,0.0139968895800933,0.0709969788519638,0.339339339339339,0.00305810397553517,0.05,0.7847533632287,0.191063174114022,0.0333839150227618,0.77115987460815,0.0290964777947933,0.00634920634920635,0.00306748466257669,0.0777439024390244,0.165109034267913,0.00470957613814757,0.052710843373494,0.241274658573596,0.908668730650155,0.0046583850931677,0.0046875,0.00606060606060606,0.171212121212121,0,0.968468468468468,0.00154320987654321,0.186544342507645,0.0015552099533437,0.00315457413249211,0,0.00152439024390244,0.152139461172742,0.0574886535552194
"7",0.00152671755725191,0.278382581648523,0,0.0652173913043478,0.0496894409937888,0.816541353383459,1,0.988059701492537,0.00308641975308642,0.00759878419452888,0.0015552099533437,0.990950226244344,0.00754147812971342,0.0592823712948518,0.147465437788018,0.00151745068285281,0.591679506933744,0,0,0.00152905198776758,0.00157232704402516,0.598130841121495,0.0544629349470499,0.121951219512195,0.996860282574568,0.622950819672131,0.031866464339909,0.00475435816164818,0.865237366003063,0.0265625,0.634615384615385,0.0296411856474259,0.96793893129771,0.953343701399689,0.217054263565891,0.22239263803681,0.68960244648318,0.0589970501474926,0,0.0015015015015015,0.15210843373494,0,0,0.966049382716049,0.015600624024961,0.0338983050847458,0.9359375,0,0.0064,0.00462249614791988,0,0.0015552099533437,0.00156985871271586,0.269767441860465,0.058641975308642,0.71606864274571,0,0.0781499202551834,0,0.00604229607250755,0.0138036809815951,0.791540785498489,0,0.02660406885759,0.0251968503937008,0.00158227848101266,0,0.0229007633587786,0.00793650793650794,0.0855855855855856
"8",0.00151285930408472,0.295902883156297,0,0.0532724505327245,0.052710843373494,0.8,0.988059701492537,1,0.00150602409638554,0.00736377025036819,0.00153139356814701,0.997050147492625,0.00443131462333826,0.0659509202453988,0.161875945537065,0.0014903129657228,0.62125748502994,0,0,0.00150375939849624,0.0015527950310559,0.634703196347032,0.0589101620029455,0.133233532934132,0.984662576687117,0.66231884057971,0.0225225225225225,0.0046875,0.873511904761905,0.0182370820668693,0.612903225806452,0.0297176820208024,0.972058823529412,0.959214501510574,0.226788432267884,0.233333333333333,0.683812405446294,0.0517985611510791,0,0.00146627565982405,0.161242603550296,0,0,0.956780923994039,0.0152671755725191,0.0239880059970015,0.924731182795699,0,0.00306278713629403,0.00151285930408472,0,0.00153139356814701,0.00153609831029186,0.288288288288288,0.0678733031674208,0.707390648567119,0,0.0796324655436447,0,0.00745156482861401,0.0134529147982063,0.776119402985075,0,0.0305810397553517,0.0202808112324493,0.00157977883096367,0,0.0135542168674699,0.00771604938271605,0.0739644970414201
"9",0.668789808917197,0,0.641479099678457,0.783570300157978,0.436908517350158,0.0631741140215717,0.00308641975308642,0.00150602409638554,1,0.493769470404984,0.568938193343899,0,0.00622083981337481,0.429022082018927,0.374414976599064,0.650306748466258,0,0.588697017268446,0.732909379968203,0.525660964230171,0.6048,0,0.465331278890601,0.388802488335925,0.00314465408805031,0,0,0.511923688394277,0.0201238390092879,0,0.329581993569132,0.462757527733756,0.0031104199066874,0.00312989045383412,0,0,0.125195618153365,0,0.7203125,0.567278287461774,0.403076923076923,0.694099378881988,0.648351648351648,0,0.467511885895404,0.696124031007752,0.00315457413249211,0.614307931570762,0.541666666666667,0.525984251968504,0.549141965678627,0.458937198067633,0.627980922098569,0,0.424336973478939,0.0818897637795276,0.73449920508744,0,0.651090342679128,0.477794793261868,0,0.0659509202453988,0.66031746031746,0.440191387559809,0,0.507246376811594,0.580952380952381,0,0.499186991869919,0.286585365853659
"10",0.15968992248062,0,0.26040061633282,0.264150943396226,0.930448222565688,0.172465960665658,0.00759878419452888,0.00736377025036819,0.493769470404984,1,0.0828125,0.0106707317073171,0,0.9203125,0.828483920367534,0.81969696969697,0,0.10958904109589,0.222741433021807,0.08,0.108832807570978,0,0.924012158054711,0.85258358662614,0.0126984126984127,0,0,0.998427672955975,0.111450381679389,0,0.269537480063796,0.891472868217054,0.0186046511627907,0.0277349768875193,0,0,0.282642089093702,0,0.209553158705701,0.898791540785498,0.823889739663093,0.269230769230769,0.849765258215962,0,0.987301587301587,0.164086687306502,0.00158730158730159,0.7859375,0.046031746031746,0.0675039246467818,0.904320987654321,1,0.126182965299685,0,0.91937984496124,0.263888888888889,0.235109717868339,0,0.209553158705701,1,0,0.197268588770865,0.15748031496063,0.981102362204724,0,0.0803149606299213,0.110764430577223,0,1,0.00762195121951219
"11",0.882447665056361,0.00158227848101266,0.755267423014587,0.705787781350482,0.0363924050632911,0.00305343511450382,0.0015552099533437,0.00153139356814701,0.568938193343899,0.0828125,1,0.0015527950310559,0.203732503888025,0.0315955766192733,0.014308426073132,0.230529595015576,0,0.96551724137931,0.808846761453397,1,0.96656050955414,0,0.0405616224648986,0.0158730158730159,0.00157977883096367,0,0.172360248447205,0.0781499202551834,0,0.162974683544304,0.121311475409836,0.0363349131121643,0.00155763239875389,0.00155763239875389,0.00324149108589951,0.00321027287319422,0.00159744408945687,0.0696969696969697,0.770440251572327,0.140243902439024,0.0124223602484472,0.75314465408805,0.188180404354588,0,0.0674157303370786,0.74414976599064,0.00483091787439614,0.246815286624204,0.970731707317073,0.992012779552716,0.129186602870813,0.0789889415481833,0.936585365853659,0.0046875,0.036624203821656,0,0.800963081861958,0.0131147540983607,0.729813664596273,0.0708782742681048,0.16031746031746,0.00155038759689922,0.890879478827362,0.0590111642743222,0.165064102564103,1,0.959481361426256,0.15625,0.0876623376623377,0.518633540372671
"12",0.00155038759689922,0.263157894736842,0,0.046583850931677,0.0463678516228748,0.815592203898051,0.990950226244344,0.997050147492625,0,0.0106707317073171,0.0015527950310559,1,0.00152905198776758,0.0571870170015456,0.140458015267176,0,0.616438356164384,0,0,0.00154083204930663,0.00156494522691706,0.625194401244168,0.0508982035928144,0.113149847094801,0.993710691823899,0.652567975830816,0.024024024024024,0.00635930047694754,0.886850152905199,0.0200617283950617,0.594043887147335,0.0185471406491499,0.981818181818182,0.973966309341501,0.211180124223602,0.208333333333333,0.711450381679389,0.0564635958395245,0,0,0.136570561456753,0,0,0.95852534562212,0.0171073094867807,0.0186046511627907,0.928237129485179,0,0.00158982511923688,0.00154559505409583,0,0.00622083981337481,0.0015552099533437,0.250384024577573,0.0548780487804878,0.726299694189602,0,0.0697305863708399,0,0.00765696784073507,0.0108527131782946,0.800911854103343,0,0.0275650842266462,0.0202808112324493,0.00159235668789809,0,0.0151975683890578,0.0096,0.0669710806697108
"13",0.0749235474006116,0.52093023255814,0.015625,0.019047619047619,0,0,0.00754147812971342,0.00443131462333826,0.00622083981337481,0,0.203732503888025,0.00152905198776758,1,0,0,0.00149700598802395,0.174726989079563,0.149847094801223,0.0155038759689922,0.194099378881988,0.14797507788162,0.176100628930818,0,0,0.00154083204930663,0.157584683357879,0.956456456456456,0,0,0.961180124223602,0,0,0.00301204819277108,0,0.576138147566719,0.56828885400314,0,0.870206489675516,0.0153846153846154,0,0,0.0138461538461538,0.00153846153846154,0,0,0.0202177293934681,0,0.00154559505409583,0.213375796178344,0.202830188679245,0,0,0.130298273155416,0.537519142419602,0,0,0.0188087774294671,0.779014308426073,0.00755287009063444,0,0.987711213517665,0,0.0598159509202454,0,0.965625,0.204437400950872,0.157650695517774,0.970769230769231,0,0.619119878603945
"14",0.10126582278481,0,0.179080824088748,0.226837060702875,0.990536277602524,0.25193199381762,0.0592823712948518,0.0659509202453988,0.429022082018927,0.9203125,0.0315955766192733,0.0571870170015456,0,1,0.906103286384977,0.736434108527132,0,0.0510046367851623,0.147672552166934,0.0312989045383412,0.0456026058631922,0,0.98145285935085,0.927330173775671,0.0667726550079491,0,0,0.92515923566879,0.177952755905512,0,0.356209150326797,0.901408450704225,0.0860215053763441,0.0914826498422713,0,0,0.37220447284345,0,0.163297045101089,0.814132104454685,0.902777777777778,0.186813186813187,0.761453396524487,0.0233281493001555,0.947619047619048,0.124006359300477,0.0304,0.705229793977813,0.0239234449760766,0.0284810126582278,0.817034700315457,0.92879746835443,0.0618066561014263,0,1,0.350710900473934,0.1584,0,0.149765990639626,0.924148606811146,0,0.278816199376947,0.0791139240506329,0.95859872611465,0,0.0341463414634146,0.0525477707006369,0,0.915447154471545,0.0093603744149766
"15",0.0401234567901235,0,0.0855784469096672,0.17693522906793,0.904320987654321,0.345038167938931,0.147465437788018,0.161875945537065,0.374414976599064,0.828483920367534,0.014308426073132,0.140458015267176,0,0.906103286384977,1,0.611280487804878,0,0.0227617602427921,0.0803149606299213,0.012326656394453,0.0192616372391653,0,0.915384615384615,0.985981308411215,0.161442006269592,0,0,0.831746031746032,0.28680981595092,0,0.459677419354839,0.846034214618974,0.185015290519878,0.189735614307932,0,0,0.485849056603774,0,0.0973724884080371,0.702127659574468,0.998468606431853,0.0957613814756672,0.667697063369397,0.110077519379845,0.85062893081761,0.0857580398162328,0.116613418530351,0.585557299843014,0.0128410914927769,0.014218009478673,0.723370429252782,0.8203125,0.028125,0,0.903076923076923,0.472698907956318,0.0863422291993721,0,0.078907435508346,0.830534351145038,0,0.393665158371041,0.0487421383647799,0.863141524105754,0,0.0112540192926045,0.0174603174603175,0,0.81629392971246,0.0106707317073171
"16",0.330246913580247,0,0.434375,0.464454976303318,0.739197530864197,0.0641791044776119,0.00151745068285281,0.0014903129657228,0.650306748466258,0.81969696969697,0.230529595015576,0,0.00149700598802395,0.736434108527132,0.611280487804878,1,0,0.263076923076923,0.402777777777778,0.232198142414861,0.277691107644306,0,0.737237237237237,0.648606811145511,0.00155763239875389,0,0,0.828298887122417,0.0046656298600311,0,0.267090620031797,0.732612055641422,0.00303030303030303,0.00308641975308642,0,0,0.140866873065015,0,0.386018237082067,0.980273141122914,0.625563909774436,0.46749226006192,0.96417445482866,0,0.794670846394984,0.324031007751938,0,0.944700460829493,0.183544303797468,0.205607476635514,0.924031007751938,0.825119236883943,0.289763779527559,0,0.75920245398773,0.0967238689547582,0.402496099843994,0,0.372727272727273,0.826687116564417,0,0.0656488549618321,0.329704510108865,0.799682034976153,0,0.225806451612903,0.270186335403727,0,0.841680129240711,0.0535168195718654
"17",0,0.719874804381847,0,0,0,0.386605783866058,0.591679506933744,0.62125748502994,0,0,0,0.616438356164384,0.174726989079563,0,0,0,1,0,0,0,0,0.995238095238095,0,0,0.61648177496038,1,0.23583460949464,0,0.484472049689441,0.249605055292259,0.205741626794258,0,0.592024539877301,0.576036866359447,0.655007949125596,0.669316375198728,0.266141732283465,0.361280487804878,0,0,0,0,0,0.622047244094488,0,0,0.583067092651757,0,0,0,0,0,0,0.687789799072643,0,0.29264475743349,0,0.461912479740681,0,0,0.208978328173375,0.343653250773994,0,0,0.222042139384117,0,0,0.237577639751553,0,0.127659574468085
"18",0.94006309148265,0,0.8171875,0.754276827371695,0.0526315789473684,0.00154320987654321,0,0,0.588697017268446,0.10958904109589,0.96551724137931,0,0.149847094801223,0.0510046367851623,0.0227617602427921,0.263076923076923,0,1,0.862284820031299,0.970496894409938,1,0,0.0535987748851455,0.0187207488299532,0,0,0.125766871165644,0.100313479623824,0,0.106750392464678,0.110935023771791,0.0559006211180124,0,0,0,0,0,0.0209580838323353,0.836140888208269,0.183458646616541,0.0166666666666667,0.815217391304348,0.229357798165138,0,0.0924764890282132,0.788906009244992,0.00317460317460317,0.295133437990581,0.930868167202572,0.9578125,0.174603174603175,0.0984375,0.976114649681529,0,0.0528771384136858,0,0.860759493670886,0.00322061191626409,0.787786259541985,0.098310291858679,0.10077519379845,0,0.933649289099526,0.0818897637795276,0.114104595879556,0.966613672496025,1,0.107644305772231,0.117274167987322,0.476335877862595
"19",0.951768488745981,0,0.966507177033493,0.843137254901961,0.151033386327504,0.00462962962962963,0,0,0.732909379968203,0.222741433021807,0.808846761453397,0,0.0155038759689922,0.147672552166934,0.0803149606299213,0.402777777777778,0,0.862284820031299,1,0.815112540192926,0.865912762520194,0,0.149606299212598,0.093603744149766,0,0,0.0015625,0.222402597402597,0,0,0.152459016393443,0.16,0,0,0,0,0.00643086816720257,0,0.965023847376789,0.341013824884793,0.080188679245283,0.96875,0.389589905362776,0,0.20097244732577,0.892575039494471,0.00321543408360129,0.454976303317536,0.778501628664495,0.802884615384615,0.323763955342903,0.223809523809524,0.891760904684976,0,0.154213036565978,0.0015748031496063,0.991896272285251,0,0.928125,0.204081632653061,0.00159235668789809,0.003125,0.954765751211632,0.185667752442997,0.00161550888529887,0.808823529411765,0.863344051446945,0,0.229508196721311,0.327073552425665
"20",0.891891891891892,0.00157232704402516,0.773162939297125,0.722044728434505,0.0349206349206349,0.00309119010819165,0.00152905198776758,0.00150375939849624,0.525660964230171,0.08,1,0.00154083204930663,0.194099378881988,0.0312989045383412,0.012326656394453,0.232198142414861,0,0.970496894409938,0.815112540192926,1,0.971428571428571,0,0.0417956656346749,0.0125195618153365,0.00157232704402516,0,0.171993911719939,0.0769230769230769,0,0.154458598726115,0.109500805152979,0.0326594090202177,0.00154083204930663,0.00155038759689922,0.00159235668789809,0.00316455696202532,0.0015552099533437,0.0563165905631659,0.779014308426073,0.141768292682927,0.0108695652173913,0.770769230769231,0.195046439628483,0,0.063391442155309,0.759316770186335,0.0048,0.246422893481717,0.972886762360447,0.993779160186625,0.136876006441224,0.0741324921135647,0.948717948717949,0.00316957210776545,0.0327613104524181,0,0.810126582278481,0.00823723228995058,0.739263803680982,0.0680061823802164,0.14785373608903,0.0015625,0.892063492063492,0.0584518167456556,0.158730158730159,1,0.963607594936709,0.148205928237129,0.0814696485623003,0.514592933947773
"21",0.941176470588235,0,0.8125,0.754019292604502,0.0537974683544304,0.00156985871271586,0.00157232704402516,0.0015527950310559,0.6048,0.108832807570978,0.96656050955414,0.00156494522691706,0.14797507788162,0.0456026058631922,0.0192616372391653,0.277691107644306,0,1,0.865912762520194,0.971428571428571,1,0,0.0530421216848674,0.0191387559808612,0.00159744408945687,0,0.129485179407176,0.104746317512275,0,0.116427432216906,0.105177993527508,0.0530546623794212,0.00157977883096367,0.00158982511923688,0,0,0.0015748031496063,0.0198776758409786,0.821086261980831,0.190993788819876,0.015600624024961,0.810810810810811,0.242424242424242,0,0.100494233937397,0.790220820189274,0.0016366612111293,0.313311688311688,0.924342105263158,0.959742351046699,0.190322580645161,0.106109324758842,0.977491961414791,0,0.0504731861198738,0,0.856910569105691,0.00488599348534202,0.772727272727273,0.102040816326531,0.113057324840764,0.0015625,0.9376026272578,0.0802568218298555,0.121311475409836,0.97171381031614,0.998402555910543,0.111111111111111,0.122112211221122,0.4770206022187
"22",0,0.726984126984127,0,0,0,0.38871473354232,0.598130841121495,0.634703196347032,0,0,0,0.625194401244168,0.176100628930818,0,0,0,0.995238095238095,0,0,0,0,1,0,0,0.610305958132045,1,0.2484375,0,0.470304975922953,0.260162601626016,0.205211726384365,0,0.589257503949447,0.570522979397781,0.656451612903226,0.67862969004894,0.256735340729002,0.370597243491577,0,0,0,0,0,0.619967793880837,0,0,0.572567783094099,0,0,0,0,0,0,0.705229793977813,0,0.274636510500808,0,0.441860465116279,0,0,0.221870047543582,0.344339622641509,0,0,0.237012987012987,0,0,0.248397435897436,0,0.105345911949686
"23",0.0959752321981424,0,0.178294573643411,0.232198142414861,0.984591679506934,0.237237237237237,0.0544629349470499,0.0589101620029455,0.465331278890601,0.924012158054711,0.0405616224648986,0.0508982035928144,0,0.98145285935085,0.915384615384615,0.737237237237237,0,0.0535987748851455,0.149606299212598,0.0417956656346749,0.0530421216848674,0,1,0.950693374422188,0.0644654088050314,0,0,0.935023771790808,0.17457886676876,0,0.358520900321543,0.941085271317829,0.0753012048192771,0.0876923076923077,0,0,0.3859375,0,0.167177914110429,0.812688821752266,0.914156626506024,0.187692307692308,0.772307692307692,0.0213740458015267,0.954113924050633,0.141321044546851,0.0263157894736842,0.711180124223602,0.0299212598425197,0.0343213728549142,0.819595645412131,0.930489731437599,0.0677165354330709,0,0.979813664596273,0.3515625,0.155864197530864,0,0.158705701078582,0.925869894099849,0,0.282904689863843,0.0911901081916538,0.950617283950617,0,0.0331230283911672,0.0605590062111801,0,0.921725239616613,0.00907715582450832
"24",0.0492063492063492,0,0.104761904761905,0.178743961352657,0.928348909657321,0.313364055299539,0.121951219512195,0.133233532934132,0.388802488335925,0.85258358662614,0.0158730158730159,0.113149847094801,0,0.927330173775671,0.985981308411215,0.648606811145511,0,0.0187207488299532,0.093603744149766,0.0125195618153365,0.0191387559808612,0,0.950693374422188,1,0.128455284552846,0,0,0.860353130016051,0.260869565217391,0,0.418679549114332,0.870662460567823,0.151702786377709,0.165366614664587,0,0,0.461658841940532,0,0.10377358490566,0.728943338437979,0.986068111455108,0.116207951070336,0.691338582677165,0.07981220657277,0.867924528301887,0.0889235569422777,0.0864,0.617693522906793,0.0129449838187702,0.0109034267912773,0.744849445324881,0.845541401273885,0.0303514376996805,0,0.931570762052877,0.435331230283912,0.0963081861958267,0,0.0850077279752705,0.863496932515337,0,0.375384615384615,0.0519685039370079,0.8944,0,0.0129449838187702,0.0203761755485893,0,0.849117174959872,0.0106707317073171
"25",0.00158478605388273,0.278041074249605,0,0.0555555555555556,0.0559105431309904,0.821917808219178,0.996860282574568,0.984662576687117,0.00314465408805031,0.0126984126984127,0.00157977883096367,0.993710691823899,0.00154083204930663,0.0667726550079491,0.161442006269592,0.00155763239875389,0.61648177496038,0,0,0.00157232704402516,0.00159744408945687,0.610305958132045,0.0644654088050314,0.128455284552846,1,0.644171779141104,0.0186046511627907,0.00794912559618442,0.889064976228209,0.0144,0.598694942903752,0.0330708661417323,0.981510015408321,0.974522292993631,0.222575516693164,0.217741935483871,0.706070287539936,0.0443425076452599,0,0.00153846153846154,0.161240310077519,0,0,0.966719492868463,0.022508038585209,0.0298273155416013,0.9312,0,0.00649350649350649,0.0016,0,0.0065252854812398,0.0016025641025641,0.261146496815287,0.0645669291338583,0.7234375,0,0.0745033112582782,0,0.0108359133126935,0.00788643533123028,0.791021671826625,0,0.0337078651685393,0.016025641025641,0.00161030595813205,0,0.0125195618153365,0.0113268608414239,0.0671875
"26",0,0.682370820668693,0,0,0,0.428571428571429,0.622950819672131,0.66231884057971,0,0,0,0.652567975830816,0.157584683357879,0,0,0,1,0,0,0,0,1,0,0,0.644171779141104,1,0.226047904191617,0,0.518072289156627,0.230182926829268,0.229813664596273,0,0.61044776119403,0.59789156626506,0.609230769230769,0.635528330781011,0.299392097264438,0.336244541484716,0,0,0,0,0,0.648036253776435,0,0,0.605222734254992,0,0,0,0,0,0,0.65144596651446,0,0.328746177370031,0,0.410575427682737,0,0,0.196992481203008,0.386806596701649,0,0,0.221198156682028,0,0,0.221212121212121,0,0.103139013452915
"27",0.049306625577812,0.578294573643411,0.00156985871271586,0.0124804992199688,0,0.00150602409638554,0.031866464339909,0.0225225225225225,0,0,0.172360248447205,0.024024024024024,0.956456456456456,0,0,0,0.23583460949464,0.125766871165644,0.0015625,0.171993911719939,0.129485179407176,0.2484375,0,0,0.0186046511627907,0.226047904191617,1,0,0,0.996913580246914,0.00322061191626409,0,0.0197268588770865,0.00463678516228748,0.629337539432177,0.612752721617418,0,0.907079646017699,0.00155038759689922,0,0,0.00153139356814701,0,0.0169491525423729,0,0.00775193798449612,0.0174880763116057,0,0.186009538950715,0.175738724727838,0,0,0.103174603174603,0.591962905718702,0,0,0.0015625,0.820388349514563,0,0,0.987616099071207,0,0.04375,0,0.998425196850394,0.182985553772071,0.125581395348837,0.998473282442748,0,0.628659476117103
"28",0.165329052969502,0,0.244732576985413,0.288461538461538,0.94345718901454,0.177115987460815,0.00475435816164818,0.0046875,0.511923688394277,0.998427672955975,0.0781499202551834,0.00635930047694754,0,0.92515923566879,0.831746031746032,0.828298887122417,0,0.100313479623824,0.222402597402597,0.0769230769230769,0.104746317512275,0,0.935023771790808,0.860353130016051,0.00794912559618442,0,0,1,0.109350237717908,0,0.309719934102142,0.910969793322735,0.0156739811912226,0.0220472440944882,0,0,0.295819935691318,0,0.205371248025276,0.897196261682243,0.829113924050633,0.263492063492063,0.857142857142857,0,0.990291262135922,0.172684458398744,0.00163398692810458,0.7792,0.0509868421052632,0.0662358642972536,0.894991922455573,1,0.125205930807249,0,0.931854199683043,0.266990291262136,0.228434504792332,0,0.209627329192547,1,0,0.199372056514914,0.148148148148148,0.98371335504886,0,0.077175697865353,0.106451612903226,0,0.996710526315789,0.0062111801242236
"29",0,0.117554858934169,0,0.0396196513470681,0.174652241112828,0.941717791411043,0.865237366003063,0.873511904761905,0.0201238390092879,0.111450381679389,0,0.886850152905199,0,0.177952755905512,0.28680981595092,0.0046656298600311,0.484472049689441,0,0,0,0,0.470304975922953,0.17457886676876,0.260869565217391,0.889064976228209,0.518072289156627,0,0.109350237717908,1,0,0.675324675324675,0.12824427480916,0.919003115264797,0.939157566302652,0.0690737833594976,0.0816326530612245,0.855572998430141,0.00746268656716418,0.00310077519379845,0.0180722891566265,0.285060975609756,0,0.00772797527047913,0.848998459167951,0.120443740095087,0.0263157894736842,0.825196850393701,0,0.00158730158730159,0,0.0188679245283019,0.0985691573926868,0,0.0993788819875776,0.170731707317073,0.888198757763975,0,0.0229508196721311,0,0.106707317073171,0,0.941807044410414,0,0.128284389489954,0,0,0,0,0.0856219709208401,0.0398773006134969
"30",0.0365659777424483,0.58974358974359,0,0.00634920634920635,0,0.00155038759689922,0.0265625,0.0182370820668693,0,0,0.162974683544304,0.0200617283950617,0.961180124223602,0,0,0,0.249605055292259,0.106750392464678,0,0.154458598726115,0.116427432216906,0.260162601626016,0,0,0.0144,0.230182926829268,0.996913580246914,0,0,1,0,0,0.0153846153846154,0.00471698113207547,0.648562300319489,0.6368,0,0.925190839694657,0,0,0,0,0,0.0109546165884194,0,0.00156739811912226,0.008,0,0.173202614379085,0.154213036565978,0,0,0.0865384615384615,0.603448275862069,0,0,0,0.838550247116969,0,0,0.989113530326594,0,0.0383386581469649,0,1,0.166942148760331,0.1104,1,0,0.604361370716511
"31",0.110016420361248,0.0131795716639209,0.0957792207792208,0.369384359400998,0.339774557165862,0.779874213836478,0.634615384615385,0.612903225806452,0.329581993569132,0.269537480063796,0.121311475409836,0.594043887147335,0,0.356209150326797,0.459677419354839,0.267090620031797,0.205741626794258,0.110935023771791,0.152459016393443,0.109500805152979,0.105177993527508,0.205211726384365,0.358520900321543,0.418679549114332,0.598694942903752,0.229813664596273,0.00322061191626409,0.309719934102142,0.675324675324675,0,1,0.304838709677419,0.613312202852615,0.603503184713376,0,0.00163398692810458,0.829032258064516,0,0.169082125603865,0.216981132075472,0.45859872611465,0.154093097913323,0.212903225806452,0.547657512116317,0.291056910569106,0.21256038647343,0.5810147299509,0.177235772357724,0.115702479338843,0.114649681528662,0.196774193548387,0.250809061488673,0.143572621035058,0.0176565008025682,0.363782051282051,0.7616,0.141233766233766,0.00166944908180301,0.139904610492846,0.276629570747218,0,0.787301587301587,0.120521172638436,0.299173553719008,0,0.0968280467445743,0.0953150242326333,0.0016025641025641,0.258592471358429,0.162939297124601
"32",0.104524180967239,0,0.183544303797468,0.228706624605678,0.918238993710692,0.18140243902439,0.0296411856474259,0.0297176820208024,0.462757527733756,0.891472868217054,0.0363349131121643,0.0185471406491499,0,0.901408450704225,0.846034214618974,0.732612055641422,0,0.0559006211180124,0.16,0.0326594090202177,0.0530546623794212,0,0.941085271317829,0.870662460567823,0.0330708661417323,0,0,0.910969793322735,0.12824427480916,0,0.304838709677419,1,0.0319634703196347,0.0375,0,0,0.305246422893482,0,0.205651491365777,0.796636085626911,0.845679012345679,0.195685670261941,0.774143302180685,0.0532915360501567,0.921259842519685,0.228125,0.0833333333333333,0.716772151898734,0.045016077170418,0.0285714285714286,0.819466248037677,0.902362204724409,0.073015873015873,0,0.906542056074766,0.287519747235387,0.182250396196513,0,0.25,0.900151285930408,0,0.215384615384615,0.0996784565916399,0.907051282051282,0,0.0276872964169381,0.0606060606060606,0,0.881107491856677,0.0155038759689922
"33",0.0015552099533437,0.252307692307692,0,0.0377358490566038,0.0725308641975309,0.843137254901961,0.96793893129771,0.972058823529412,0.0031104199066874,0.0186046511627907,0.00155763239875389,0.981818181818182,0.00301204819277108,0.0860215053763441,0.185015290519878,0.00303030303030303,0.592024539877301,0,0,0.00154083204930663,0.00157977883096367,0.589257503949447,0.0753012048192771,0.151702786377709,0.981510015408321,0.61044776119403,0.0197268588770865,0.0156739811912226,0.919003115264797,0.0153846153846154,0.613312202852615,0.0319634703196347,1,0.996918335901387,0.187697160883281,0.197160883280757,0.733436055469954,0.0390977443609023,0.00152671755725191,0.00302114803625378,0.183890577507599,0,0.00150829562594268,0.940275650842266,0.0298273155416013,0.0168970814132104,0.904538341158059,0,0.00158478605388273,0.00155763239875389,0.0015527950310559,0.0111287758346582,0.0015625,0.2326656394453,0.0821705426356589,0.751166407465008,0,0.0620031796502385,0,0.0154559505409583,0.0107692307692308,0.828746177370031,0,0.0436817472698908,0.0172955974842767,0.0016025641025641,0,0.0138036809815951,0.0142857142857143,0.048411497730711
"34",0.0015552099533437,0.226415094339623,0,0.0410742496050553,0.0800627943485086,0.855639097744361,0.953343701399689,0.959214501510574,0.00312989045383412,0.0277349768875193,0.00155763239875389,0.973966309341501,0,0.0914826498422713,0.189735614307932,0.00308641975308642,0.576036866359447,0,0,0.00155038759689922,0.00158982511923688,0.570522979397781,0.0876923076923077,0.165366614664587,0.974522292993631,0.59789156626506,0.00463678516228748,0.0220472440944882,0.939157566302652,0.00471698113207547,0.603503184713376,0.0375,0.996918335901387,1,0.174880763116057,0.194006309148265,0.751572327044025,0.021021021021021,0,0.00305343511450382,0.180704441041348,0,0.0015552099533437,0.931357254290172,0.0344827586206897,0.0170807453416149,0.909375,0,0.00161030595813205,0.00158478605388273,0.00158478605388273,0.0220125786163522,0.0016,0.219814241486068,0.0900621118012422,0.767550702028081,0,0.0450885668276973,0,0.0263975155279503,0.0031104199066874,0.838957055214724,0,0.042654028436019,0.00634920634920635,0.00161812297734628,0,0.00465116279069767,0.0208667736757624,0.0479876160990712
"35",0,0.977777777777778,0,0,0,0.021875,0.217054263565891,0.226788432267884,0,0,0.00324149108589951,0.211180124223602,0.576138147566719,0,0,0,0.655007949125596,0,0,0.00159235668789809,0,0.656451612903226,0,0,0.222575516693164,0.609230769230769,0.629337539432177,0,0.0690737833594976,0.648562300319489,0,0,0.187697160883281,0.174880763116057,1,1,0.00158227848101266,0.746564885496183,0,0,0,0,0,0.219047619047619,0,0,0.201612903225806,0,0.00163398692810458,0.00157728706624606,0,0,0,0.988958990536278,0,0.00159489633173844,0,0.826797385620915,0,0,0.624203821656051,0.00778816199376947,0,0,0.6288,0.00322061191626409,0,0.639109697933227,0,0.198449612403101
"36",0,0.9904,0,0,0,0.0232919254658385,0.22239263803681,0.233333333333333,0,0,0.00321027287319422,0.208333333333333,0.56828885400314,0,0,0,0.669316375198728,0,0,0.00316455696202532,0,0.67862969004894,0,0,0.217741935483871,0.635528330781011,0.612752721617418,0,0.0816326530612245,0.6368,0.00163398692810458,0,0.197160883280757,0.194006309148265,1,1,0.00156739811912226,0.742469879518072,0,0,0,0,0,0.216905901116427,0,0,0.198373983739837,0,0.00161550888529887,0.00318979266347687,0,0,0,0.996860282574568,0,0.00157728706624606,0,0.827079934747145,0,0,0.618604651162791,0.0046875,0,0,0.613526570048309,0.00321543408360129,0,0.625,0,0.182389937106918
"37",0.00311526479750779,0.0078125,0.00157977883096367,0.12241653418124,0.372093023255814,0.913978494623656,0.68960244648318,0.683812405446294,0.125195618153365,0.282642089093702,0.00159744408945687,0.711450381679389,0,0.37220447284345,0.485849056603774,0.140866873065015,0.266141732283465,0,0.00643086816720257,0.0015552099533437,0.0015748031496063,0.256735340729002,0.3859375,0.461658841940532,0.706070287539936,0.299392097264438,0,0.295819935691318,0.855572998430141,0,0.829032258064516,0.305246422893482,0.733436055469954,0.751572327044025,0.00158227848101266,0.00156739811912226,1,0,0.0093603744149766,0.146379044684129,0.486153846153846,0.00462249614791988,0.133333333333333,0.653666146645866,0.2928,0.032967032967033,0.648648648648649,0.0789889415481833,0.00161290322580645,0.00159489633173844,0.1743264659271,0.2640625,0.00320512820512821,0.00946372239747634,0.366929133858268,0.962025316455696,0.00476190476190476,0,0.003125,0.287267080745342,0,0.953917050691244,0.00156985871271586,0.300319488817891,0,0.00162866449511401,0,0,0.26797385620915,0.0465116279069767
"38",0.0029673590504451,0.692424242424242,0,0,0,0.00887573964497041,0.0589970501474926,0.0517985611510791,0,0,0.0696969696969697,0.0564635958395245,0.870206489675516,0,0,0,0.361280487804878,0.0209580838323353,0,0.0563165905631659,0.0198776758409786,0.370597243491577,0,0,0.0443425076452599,0.336244541484716,0.907079646017699,0,0.00746268656716418,0.925190839694657,0,0,0.0390977443609023,0.021021021021021,0.746564885496183,0.742469879518072,0,1,0,0,0,0,0,0.0463378176382661,0,0,0.0412213740458015,0,0.0784615384615385,0.0680786686838124,0,0,0.00916030534351145,0.703759398496241,0,0,0,0.893416927899687,0,0,0.911278195488722,0,0.0030441400304414,0,0.915384615384615,0.0647149460708783,0.0152671755725191,0.928251121076233,0,0.458770614692654
"39",0.915492957746479,0,0.94794952681388,0.852380952380952,0.168503937007874,0.0139968895800933,0,0,0.7203125,0.209553158705701,0.770440251572327,0,0.0153846153846154,0.163297045101089,0.0973724884080371,0.386018237082067,0,0.836140888208269,0.965023847376789,0.779014308426073,0.821086261980831,0,0.167177914110429,0.10377358490566,0,0,0.00155038759689922,0.205371248025276,0.00310077519379845,0,0.169082125603865,0.205651491365777,0.00152671755725191,0,0,0,0.0093603744149766,0,1,0.316109422492401,0.0909090909090909,0.943661971830986,0.345201238390093,0.014018691588785,0.202551834130782,0.906103286384977,0.0222575516693164,0.440438871473354,0.779032258064516,0.785150078988942,0.311708860759494,0.20625,0.856687898089172,0,0.180094786729858,0.0093603744149766,0.974643423137876,0,0.945820433436533,0.190993788819876,0.00157728706624606,0.00770416024653313,0.917721518987342,0.182389937106918,0.0015748031496063,0.767145135566188,0.82306477093207,0,0.208400646203554,0.334384858044164
"40",0.26219512195122,0,0.376923076923077,0.355694227769111,0.824508320726172,0.0709969788519638,0.0015015015015015,0.00146627565982405,0.567278287461774,0.898791540785498,0.140243902439024,0,0,0.814132104454685,0.702127659574468,0.980273141122914,0,0.183458646616541,0.341013824884793,0.141768292682927,0.190993788819876,0,0.812688821752266,0.728943338437979,0.00153846153846154,0,0,0.897196261682243,0.0180722891566265,0,0.216981132075472,0.796636085626911,0.00302114803625378,0.00305343511450382,0,0,0.146379044684129,0,0.316109422492401,1,0.698940998487141,0.398176291793313,0.976047904191617,0,0.880248833592535,0.254573170731707,0,0.929230769230769,0.106153846153846,0.117557251908397,0.984591679506934,0.903076923076923,0.211180124223602,0,0.818740399385561,0.125960061443932,0.328197226502311,0,0.31981981981982,0.900302114803625,0,0.082089552238806,0.256289308176101,0.88135593220339,0,0.143079315707621,0.187403993855607,0,0.915094339622642,0.0134730538922156
"41",0.0432766615146832,0,0.0880989180834621,0.194444444444444,0.901869158878505,0.339339339339339,0.15210843373494,0.161242603550296,0.403076923076923,0.823889739663093,0.0124223602484472,0.136570561456753,0,0.902777777777778,0.998468606431853,0.625563909774436,0,0.0166666666666667,0.080188679245283,0.0108695652173913,0.015600624024961,0,0.914156626506024,0.986068111455108,0.161240310077519,0,0,0.829113924050633,0.285060975609756,0,0.45859872611465,0.845679012345679,0.183890577507599,0.180704441041348,0,0,0.486153846153846,0,0.0909090909090909,0.698940998487141,1,0.0958268933539413,0.664605873261206,0.115562403697997,0.851393188854489,0.0917573872472784,0.11875,0.593558282208589,0.00943396226415094,0.0125391849529781,0.721875,0.815625,0.0282131661442006,0,0.898773006134969,0.464285714285714,0.0893416927899686,0,0.0763358778625954,0.833836858006042,0,0.393568147013783,0.0378548895899054,0.868131868131868,0,0.0110062893081761,0.0171875,0,0.822222222222222,0.00764525993883792
"42",0.91499227202473,0,1,0.8256,0.188383045525903,0.00305810397553517,0,0,0.694099378881988,0.269230769230769,0.75314465408805,0,0.0138461538461538,0.186813186813187,0.0957613814756672,0.46749226006192,0,0.815217391304348,0.96875,0.770769230769231,0.810810810810811,0,0.187692307692308,0.116207951070336,0,0,0.00153139356814701,0.263492063492063,0,0,0.154093097913323,0.195685670261941,0,0,0,0,0.00462249614791988,0,0.943661971830986,0.398176291793313,0.0958268933539413,1,0.428794992175274,0,0.238546603475513,0.846034214618974,0,0.520634920634921,0.718901453957997,0.754303599374022,0.384858044164038,0.262090483619345,0.847133757961783,0,0.199376947040498,0.0015625,0.965785381026439,0,0.917829457364341,0.246596066565809,0.0015625,0.00303030303030303,0.918138041733547,0.236507936507937,0.00157728706624606,0.762057877813505,0.8125,0,0.27027027027027,0.284829721362229
