"","V1","V2","V3","V4","V5","V6","V7","V8","V9","V10","V11","V12","V13","V14","V15","V16","V17","V18","V19","V20","V21","V22","V23","V24","V25","V26","V27","V28","V29","V30","V31","V32","V33","V34","V35","V36","V37","V38","V39","V40","V41","V42","V43","V44","V45","V46","V47","V48","V49","V50","V51","V52","V53","V54","V55","V56","V57","V58","V59","V60","V61","V62","V63","V64","V65","V66","V67","V68","V69","V70"
"1",1,0.004739336492891,0.9984,0.992050874403816,0.977952755905512,0.868624420401855,0.050381679389313,0.0605143721633888,0.99203821656051,0.97984496124031,0.980676328502415,0.0558139534883721,0.0290519877675841,0.981012658227848,0.978395061728395,0.99537037037037,0.00156494522691706,0.984227129337539,1,0.980922098569157,0.984101748807631,0.00162866449511401,0.979876160990712,0.979365079365079,0.0760697305863708,0.00152671755725191,0.0215716486902928,0.980738362760835,0.31496062992126,0.027027027027027,0.957307060755337,0.973478939157566,0.0715396578538103,0.0777604976671851,0.00317965023847377,0.0062402496099844,0.951713395638629,0.0192878338278932,0.998435054773083,0.990853658536585,0.978361669242658,0.998454404945904,0.993808049535604,0.0607476635514019,0.976076555023923,0.992163009404389,0.060126582278481,0.995215311004785,0.967637540453074,0.969889064976228,0.993660855784469,0.976152623211447,0.998389694041868,0.0095389507154213,0.978193146417445,0.954186413902054,0.998415213946117,0.0144694533762058,0.998463901689708,0.975384615384615,0.0187793427230047,0.888888888888889,1,0.974683544303797,0.0274193548387097,0.982428115015974,0.985736925515055,0.0267716535433071,0.98202614379085,0.0747663551401869
"2",0.004739336492891,1,0.00316957210776545,0.00642054574638844,0.0142630744849445,0.0927051671732523,0.951788491446345,0.939301972685888,0.00158478605388273,0.015527950310559,0.0174050632911392,0.939628482972136,0.981395348837209,0.0110236220472441,0.014018691588785,0.00308641975308642,0.998435054773083,0.0154320987654321,0.00318979266347687,0.0172955974842767,0.0158982511923688,1,0.0138888888888889,0.0125,0.924170616113744,0.996960486322188,0.984496124031008,0.0128824476650564,0.65987460815047,0.980769230769231,0.0263591433278418,0.0174050632911392,0.923076923076923,0.916666666666667,1,1,0.034375,0.986363636363636,0,0.0030441400304414,0.0139103554868624,0.0031496062992126,0.00312989045383412,0.934065934065934,0.0177133655394525,0.00478468899521531,0.931818181818182,0.00318979266347687,0.0322061191626409,0.0268987341772152,0.0032,0.016,0.0064,0.998430141287284,0.0141287284144427,0.0314465408805031,0.00321543408360129,0.991816693944354,0.00155038759689922,0.0172955974842767,0.987361769352291,0.0726429675425039,0.0048,0.0159235668789809,0.982511923688394,0.0144230769230769,0.0129449838187702,0.981012658227848,0.0114566284779051,0.933021806853583
"3",0.9984,0.00316957210776545,1,0.990415335463259,0.980952380952381,0.862654320987654,0.0453834115805947,0.0506912442396313,0.993569131832797,0.983050847457627,0.980551053484603,0.0469483568075117,0.028125,0.984152139461173,0.979397781299525,0.996875,0.00157232704402516,0.984375,1,0.980830670926518,0.983974358974359,0.0016,0.982945736434109,0.980952380952381,0.0602218700475436,0.00155038759689922,0.0188383045525903,0.982171799027553,0.304552590266876,0.0255591054313099,0.959415584415584,0.97626582278481,0.0667701863354037,0.0677165354330709,0.0032258064516129,0.00644122383252818,0.951026856240126,0.0181268882175227,1,0.992307692307692,0.98145285935085,1,0.995268138801262,0.0569620253164557,0.979032258064516,0.992012779552716,0.0528846153846154,0.9968,0.959612277867528,0.96551724137931,0.9953125,0.9792,0.993548387096774,0.00631911532385466,0.980952380952381,0.9515625,1,0.0116086235489221,1,0.977812995245642,0.0162074554294976,0.8875,0.998407643312102,0.97752808988764,0.0237717908082409,0.983739837398374,0.985553772070626,0.0251968503937008,0.985074626865672,0.0659340659340659
"4",0.992050874403816,0.00642054574638844,0.990415335463259,1,0.985714285714286,0.882352941176471,0.0512422360248447,0.0669710806697108,0.993680884676145,0.985849056603774,0.969453376205788,0.0652173913043478,0.0238095238095238,0.987220447284345,0.985781990521327,0.992101105845182,0.00316957210776545,0.973561430793157,0.995098039215686,0.969648562300319,0.97427652733119,0.0096,0.984520123839009,0.987117552334944,0.080952380952381,0.00917431192660551,0.015600624024961,0.985576923076923,0.33122028526149,0.019047619047619,0.966722129783694,0.984227129337539,0.0849056603773585,0.0884676145339652,0.00315457413249211,0.00320512820512821,0.958664546899841,0.015220700152207,0.993650793650794,0.995319812792512,0.987654320987654,0.9904,0.992199687987519,0.0698412698412698,0.985691573926868,0.996835443037975,0.0674157303370786,0.995207667731629,0.955737704918033,0.955696202531646,0.991974317817014,0.983792544570502,0.990306946688207,0.0048,0.985668789808917,0.955625990491284,0.991961414790997,0.0148514851485149,0.992223950233281,0.984301412872841,0.0126984126984127,0.903576982892691,0.991974317817014,0.98371335504886,0.0179153094462541,0.972491909385113,0.97557003257329,0.0189873417721519,0.990147783251232,0.0625978090766823
"5",0.977952755905512,0.0142630744849445,0.980952380952381,0.985714285714286,1,0.895136778115502,0.0574534161490683,0.0737951807228916,0.990536277602524,1,0.957278481012658,0.0649149922720247,0.0109375,1,1,0.984567901234568,0.0124031007751938,0.962848297213622,0.987281399046105,0.957142857142857,0.962025316455696,0.0177705977382876,1,1,0.0878594249201278,0.0196671709531014,0.00154559505409583,1,0.358578052550232,0.00318979266347687,0.98389694041868,1,0.0910493827160494,0.0941915227629513,0.00475435816164818,0.00791139240506329,0.976744186046512,0,0.984251968503937,0.989409984871407,1,0.984301412872841,0.982758620689655,0.0725308641975309,1,0.981279251170047,0.0680379746835443,0.988924050632911,0.9408,0.941176470588235,0.984126984126984,1,0.979462875197472,0.0107858243451464,1,0.971698113207547,0.98256735340729,0.00327332242225859,0.981538461538462,1,0.00310077519379845,0.917431192660551,0.977848101265823,1,0.00323624595469256,0.964343598055105,0.968304278922345,0.00307692307692308,1,0.0491551459293395
"6",0.868624420401855,0.0927051671732523,0.862654320987654,0.882352941176471,0.895136778115502,1,0.183458646616541,0.188235294117647,0.882896764252696,0.898638426626324,0.847328244274809,0.197901049475262,0.0915915915915916,0.89644513137558,0.899236641221374,0.880597014925373,0.117199391171994,0.853395061728395,0.878086419753086,0.839258114374034,0.854003139717425,0.123824451410658,0.897897897897898,0.90937019969278,0.213089802130898,0.129323308270677,0.0978915662650602,0.891849529780564,0.47239263803681,0.0992248062015504,0.915094339622642,0.885670731707317,0.221719457013575,0.22406015037594,0.0828125,0.0760869565217391,0.935483870967742,0.0931952662721894,0.883359253499222,0.873111782477341,0.89039039039039,0.868501529051988,0.866666666666667,0.203288490284006,0.88597842835131,0.872534142640364,0.200626959247649,0.877488514548239,0.858730158730159,0.861963190184049,0.873475609756098,0.890965732087227,0.866562009419152,0.120481927710843,0.898330804248862,0.934984520123839,0.864906832298137,0.09375,0.865151515151515,0.890909090909091,0.0753846153846154,0.984984984984985,0.864197530864197,0.892966360856269,0.0824261275272162,0.858044164037855,0.841368584758942,0.0929878048780488,0.882725832012678,0.166414523449319
"7",0.050381679389313,0.951788491446345,0.0453834115805947,0.0512422360248447,0.0574534161490683,0.183458646616541,1,0.988059701492537,0.0555555555555556,0.0577507598784195,0.0668740279937792,0.989441930618401,0.923076923076923,0.0608424336973479,0.0737327188940092,0.0485584218512898,0.964560862865948,0.0669710806697108,0.0470957613814757,0.0626911314984709,0.0660377358490566,0.957943925233645,0.065052950075643,0.0640243902439024,0.984301412872841,0.964232488822653,0.939301972685888,0.0586370839936609,0.732006125574273,0.93125,0.0817307692307692,0.0686427457098284,0.978625954198473,0.973561430793157,0.944186046511628,0.940184049079755,0.0856269113149847,0.933628318584071,0.0494590417310665,0.0555555555555556,0.0602409638554217,0.0443425076452599,0.0486322188449848,0.993827160493827,0.0639625585023401,0.0554699537750385,0.996875,0.0399385560675883,0.0848,0.0847457627118644,0.0420560747663551,0.0622083981337481,0.0580847723704867,0.953488372093023,0.0632716049382716,0.078003120124805,0.0477657935285054,0.936204146730462,0.0454545454545455,0.0649546827794562,0.930981595092024,0.154078549848943,0.0479134466769706,0.0688575899843505,0.925984251968504,0.064873417721519,0.0635658914728682,0.92824427480916,0.0682539682539682,0.975975975975976
"8",0.0605143721633888,0.939301972685888,0.0506912442396313,0.0669710806697108,0.0737951807228916,0.188235294117647,0.988059701492537,1,0.0662650602409639,0.0736377025036819,0.0612557427258806,1,0.909896602658789,0.0766871165644172,0.0877458396369138,0.0611028315946349,0.949101796407186,0.0534124629080119,0.0559757942511346,0.0556390977443609,0.0574534161490683,0.946727549467275,0.0721649484536082,0.0733532934131736,0.992331288343558,0.957971014492754,0.924924924924925,0.0765625,0.751488095238095,0.922492401215805,0.0937019969278034,0.0772659732540862,0.989705882352941,0.981873111782477,0.928462709284627,0.925757575757576,0.0998487140695915,0.919424460431655,0.0636363636363636,0.0703812316715543,0.0724852071005917,0.0492537313432836,0.0672645739910314,0.98956780923994,0.0793893129770992,0.0674662668665667,0.987711213517665,0.0531107738998483,0.0811638591117917,0.0801815431164902,0.0519877675840979,0.0765696784073507,0.0691244239631336,0.944444444444444,0.0784313725490196,0.104072398190045,0.0574018126888218,0.924961715160796,0.0538116591928251,0.0789865871833085,0.922272047832586,0.173134328358209,0.0585516178736518,0.0871559633027523,0.914196567862715,0.0647709320695103,0.0539730134932534,0.91566265060241,0.0817901234567901,0.965976331360947
"9",0.99203821656051,0.00158478605388273,0.993569131832797,0.993680884676145,0.990536277602524,0.882896764252696,0.0555555555555556,0.0662650602409639,1,0.992211838006231,0.969889064976228,0.0628834355828221,0.015552099533437,0.990536277602524,0.990639625585023,0.996932515337423,0.00157977883096367,0.976452119309262,0.998410174880763,0.97045101088647,0.9776,0.00477707006369427,0.99075500770416,0.992223950233281,0.0770440251572327,0.00452488687782805,0.0124031007751938,0.992050874403816,0.340557275541796,0.0126582278481013,0.977491961414791,0.988906497622821,0.0808709175738725,0.0876369327073552,0,0.00158227848101266,0.968701095461659,0.0075642965204236,0.9953125,0.998470948012232,0.990769230769231,0.993788819875776,0.998430141287284,0.0688575899843505,0.990491283676704,0.995348837209302,0.0694006309148265,0.998444790046656,0.950320512820513,0.951181102362205,0.998439937597504,0.990338164251208,0.988871224165342,0.00157232704402516,0.989079563182527,0.965354330708661,0.993640699523052,0.00809061488673139,0.995327102803738,0.990811638591118,0.0093603744149766,0.904907975460123,0.992063492063492,0.988835725677831,0.0111464968152866,0.977455716586151,0.977777777777778,0.0125195618153365,0.99349593495935,0.0655487804878049
"10",0.97984496124031,0.015527950310559,0.983050847457627,0.985849056603774,1,0.898638426626324,0.0577507598784195,0.0736377025036819,0.992211838006231,1,0.95625,0.0716463414634146,0.0075187969924812,1,1,0.986363636363636,0.0108191653786708,0.958904109589041,0.990654205607477,0.956923076923077,0.958990536277603,0.01875,1,1,0.0841269841269841,0.0166919575113809,0,1,0.351145038167939,0.0015552099533437,0.987240829346092,1,0.0868217054263566,0.086286594761171,0.00309597523219814,0.00938967136150235,0.984639016897081,0,0.981510015408321,0.990936555891239,1,0.986153846153846,0.985915492957746,0.0683890577507599,1,0.98297213622291,0.0714285714285714,0.990625,0.941269841269841,0.938775510204082,0.986111111111111,1,0.981072555205047,0.0122137404580153,1,0.979938271604938,0.9858934169279,0.00157232704402516,0.983050847457627,1,0.00154559505409583,0.92412746585736,0.979527559055118,1,0.00158478605388273,0.965354330708661,0.96411856474259,0.0015552099533437,1,0.0472560975609756
"11",0.980676328502415,0.0174050632911392,0.980551053484603,0.969453376205788,0.957278481012658,0.847328244274809,0.0668740279937792,0.0612557427258806,0.969889064976228,0.95625,1,0.0543478260869565,0.0544323483670296,0.955766192733017,0.95389507154213,0.973520249221184,0.0141955835962145,0.995297805642633,0.979462875197472,1,0.996815286624204,0.0206677265500795,0.956318252730109,0.953968253968254,0.0695102685624013,0.0136157337367625,0.046583850931677,0.953748006379585,0.281399046104928,0.0490506329113924,0.934426229508197,0.95260663507109,0.0576323987538941,0.0638629283489097,0.0226904376012966,0.0208667736757624,0.926517571884984,0.0409090909090909,0.977987421383648,0.969512195121951,0.953416149068323,0.981132075471698,0.965785381026439,0.0706436420722135,0.951845906902087,0.97191887675507,0.0772946859903382,0.971337579617834,0.978861788617886,0.988817891373802,0.972886762360447,0.951026856240126,0.985365853658537,0.021875,0.950636942675159,0.930599369085173,0.97752808988764,0.0344262295081967,0.975155279503106,0.952234206471495,0.0396825396825397,0.869767441860465,0.977198697068404,0.945773524720893,0.0496794871794872,1,0.993517017828201,0.0484375,0.954545454545455,0.0962732919254658
"12",0.0558139534883721,0.939628482972136,0.0469483568075117,0.0652173913043478,0.0649149922720247,0.197901049475262,0.989441930618401,1,0.0628834355828221,0.0716463414634146,0.0543478260869565,1,0.906727828746177,0.0726429675425039,0.0809160305343511,0.0579268292682927,0.9558599695586,0.0547112462006079,0.0552995391705069,0.0554699537750385,0.0563380281690141,0.948678071539658,0.0688622754491018,0.0749235474006116,0.99685534591195,0.966767371601209,0.926426426426426,0.0731319554848967,0.750764525993884,0.924382716049383,0.0877742946708464,0.0757341576506955,0.990909090909091,0.986217457886677,0.933229813664596,0.932098765432099,0.102290076335878,0.925705794947994,0.0598159509202454,0.0654490106544901,0.0667678300455235,0.0474006116207951,0.0661538461538462,0.993855606758833,0.0762052877138414,0.062015503875969,0.992199687987519,0.0520673813169985,0.0763116057233704,0.0772797527047913,0.0518053375196232,0.0699844479004666,0.0622083981337481,0.946236559139785,0.0716463414634146,0.0978593272171254,0.0538461538461538,0.931854199683043,0.0503048780487805,0.0750382848392037,0.922480620155039,0.171732522796353,0.05625,0.0796324655436447,0.918876755070203,0.0589171974522293,0.0546875,0.919452887537994,0.0768,0.968036529680365
"13",0.0290519877675841,0.981395348837209,0.028125,0.0238095238095238,0.0109375,0.0915915915915916,0.923076923076923,0.909896602658789,0.015552099533437,0.0075187969924812,0.0544323483670296,0.906727828746177,1,0.0093167701863354,0.00923076923076923,0.0224550898203593,0.981279251170047,0.0504587155963303,0.0186046511627907,0.0559006211180124,0.0498442367601246,0.977987421383648,0.00928792569659443,0.00771604938271605,0.893682588597843,0.976435935198822,0.993993993993994,0.00775193798449612,0.605222734254992,0.993788819875776,0.0174050632911392,0.0078125,0.884036144578313,0.876524390243902,0.990580847723705,0.987441130298273,0.010590015128593,0.997050147492625,0.0230769230769231,0.0136570561456753,0.00611620795107034,0.0246153846153846,0.0230769230769231,0.901081916537867,0.0078740157480315,0.0233281493001555,0.907378335949764,0.0154559505409583,0.0732484076433121,0.0723270440251572,0.0218068535825545,0.00777604976671851,0.0313971742543171,0.983154670750383,0.00927357032457496,0.0124804992199688,0.0219435736677116,0.992050874403816,0.0256797583081571,0.00610687022900763,1,0.0666666666666667,0.0291411042944785,0.00940438871473354,0.9984375,0.0475435816164818,0.0463678516228748,0.993846153846154,0.00637958532695375,0.934749620637329
"14",0.981012658227848,0.0110236220472441,0.984152139461173,0.987220447284345,1,0.89644513137558,0.0608424336973479,0.0766871165644172,0.990536277602524,1,0.955766192733017,0.0726429675425039,0.0093167701863354,1,1,0.989147286821705,0.010989010989011,0.961360123647604,0.985553772070626,0.954616588419405,0.95928338762215,0.014446227929374,1,1,0.0937996820349762,0.0152671755725191,0.0015527950310559,1,0.341732283464567,0.00317965023847377,0.986928104575163,1,0.0967741935483871,0.10410094637224,0.0032,0.00320512820512821,0.980830670926518,0,0.98755832037325,0.992319508448541,1,0.984301412872841,0.987361769352291,0.0777604976671851,1,0.982511923688394,0.0768,0.992076069730586,0.936204146730462,0.941455696202532,0.988958990536278,1,0.976228209191759,0.0094488188976378,1,0.976303317535545,0.9856,0.0016366612111293,0.984399375975039,1,0.00316957210776545,0.920560747663551,0.979430379746835,1,0.00323624595469256,0.96260162601626,0.96656050955414,0.00312989045383412,1,0.0530421216848674
"15",0.978395061728395,0.014018691588785,0.979397781299525,0.985781990521327,1,0.899236641221374,0.0737327188940092,0.0877458396369138,0.990639625585023,1,0.95389507154213,0.0809160305343511,0.00923076923076923,1,1,0.984756097560976,0.0124223602484472,0.959028831562974,0.984251968503937,0.955315870570108,0.961476725521669,0.0189873417721519,1,1,0.103448275862069,0.0196671709531014,0.00154559505409583,1,0.363496932515337,0.00313971742543171,0.990322580645161,1,0.107033639143731,0.110419906687403,0.0031201248049922,0.00782472613458529,0.982704402515723,0,0.982998454404946,0.98936170212766,1,0.98116169544741,0.984544049459042,0.0883720930232558,1,0.980091883614089,0.0862619808306709,0.990580847723705,0.93900481540931,0.939968404423381,0.985691573926868,1,0.9765625,0.0125195618153365,1,0.981279251170047,0.98116169544741,0.0016366612111293,0.981790591805766,1,0.0031201248049922,0.926093514328808,0.977987421383648,1,0.00322061191626409,0.958199356913183,0.965079365079365,0.00306748466257669,1,0.0640243902439024
"16",0.99537037037037,0.00308641975308642,0.996875,0.992101105845182,0.984567901234568,0.880597014925373,0.0485584218512898,0.0611028315946349,0.996932515337423,0.986363636363636,0.973520249221184,0.0579268292682927,0.0224550898203593,0.989147286821705,0.984756097560976,1,0.00312989045383412,0.976923076923077,0.996913580246914,0.973684210526316,0.976599063962558,0.00156985871271586,0.984984984984985,0.986068111455108,0.0763239875389408,0.00149253731343284,0.0136363636363636,0.985691573926868,0.312597200622084,0.0216383307573416,0.966613672496025,0.98145285935085,0.0742424242424242,0.0817901234567901,0.0015527950310559,0.00313971742543171,0.958204334365325,0.0148588410104012,0.998480243161094,0.998482549317147,0.986466165413534,0.996904024767802,0.998442367601246,0.0598159509202454,0.984326018808777,0.995348837209302,0.0595611285266458,1,0.957278481012658,0.957943925233645,0.998449612403101,0.984101748807631,0.990551181102362,0.00605143721633888,0.983128834355828,0.956318252730109,0.996879875195008,0.00956937799043062,0.996969696969697,0.983128834355828,0.0155038759689922,0.902290076335878,0.995334370139969,0.982511923688394,0.0172413793103448,0.97741935483871,0.978260869565217,0.0182370820668693,0.988691437802908,0.0626911314984709
"17",0.00156494522691706,0.998435054773083,0.00157232704402516,0.00316957210776545,0.0124031007751938,0.117199391171994,0.964560862865948,0.949101796407186,0.00157977883096367,0.0108191653786708,0.0141955835962145,0.9558599695586,0.981279251170047,0.010989010989011,0.0124223602484472,0.00312989045383412,1,0.0109546165884194,0,0.0142405063291139,0.0112721417069243,1,0.0124223602484472,0.0109204368174727,0.942947702060222,1,0.98468606431853,0.00949367088607595,0.708074534161491,0.984202211690363,0.0287081339712919,0.0141955835962145,0.94478527607362,0.937019969278034,1,0.996820349761526,0.0346456692913386,0.990853658536585,0.00155038759689922,0.00458015267175573,0.00924499229583975,0.00157232704402516,0.00157232704402516,0.952755905511811,0.0127388535031847,0.0046656298600311,0.950479233226837,0.003125,0.0307443365695793,0.0266457680250784,0.00157977883096367,0.0125,0.00159744408945687,0.996908809891808,0.0125,0.0375586854460094,0.00156739811912226,0.990275526742301,0.00153609831029186,0.0125588697017268,0.986068111455108,0.0959752321981424,0.00161550888529887,0.0144694533762058,0.983792544570502,0.012779552715655,0.0109204368174727,0.984472049689441,0.0113636363636364,0.942249240121581
"18",0.984227129337539,0.0154320987654321,0.984375,0.973561430793157,0.962848297213622,0.853395061728395,0.0669710806697108,0.0534124629080119,0.976452119309262,0.958904109589041,0.995297805642633,0.0547112462006079,0.0504587155963303,0.961360123647604,0.959028831562974,0.976923076923077,0.0109546165884194,1,0.982785602503912,0.995341614906832,1,0.0172684458398744,0.961715160796325,0.957878315132605,0.0712025316455696,0.0104166666666667,0.0414110429447853,0.959247648902821,0.30441400304414,0.043956043956044,0.938193343898574,0.958074534161491,0.0597243491577335,0.0668740279937792,0.0186046511627907,0.0172143974960876,0.934782608695652,0.0389221556886228,0.981623277182236,0.974436090225564,0.957575757575758,0.984472049689441,0.970948012232416,0.0738461538461539,0.957680250783699,0.975346687211094,0.0761904761904762,0.973312401883831,0.97427652733119,0.98125,0.977777777777778,0.9546875,0.987261146496815,0.0203761755485893,0.956454121306376,0.93603744149766,0.982594936708861,0.0305958132045089,0.980152671755725,0.955453149001536,0.0356589147286822,0.877675840978593,0.979462875197472,0.951181102362205,0.0427892234548336,0.995230524642289,1,0.0436817472698908,0.958795562599049,0.0931297709923664
"19",1,0.00318979266347687,1,0.995098039215686,0.987281399046105,0.878086419753086,0.0470957613814757,0.0559757942511346,0.998410174880763,0.990654205607477,0.979462875197472,0.0552995391705069,0.0186046511627907,0.985553772070626,0.984251968503937,0.996913580246914,0,0.982785602503912,1,0.979099678456592,0.982229402261712,0,0.988976377952756,0.985959438377535,0.067741935483871,0,0.0109375,0.99025974025974,0.32120253164557,0.0159744408945687,0.967213114754098,0.984,0.0691823899371069,0.0775193798449612,0.00158982511923688,0.00480769230769231,0.963022508038585,0.0121951219512195,1,0.995391705069124,0.985849056603774,1,0.996845425867508,0.0587301587301587,0.987034035656402,0.993680884676145,0.0594855305466238,0.996840442338073,0.960912052117264,0.959935897435897,0.996810207336523,0.985714285714286,0.996768982229402,0.00613496932515337,0.987281399046105,0.960629921259842,1,0.00826446280991736,1,0.985871271585557,0.0111464968152866,0.9046875,1,0.985342019543974,0.012924071082391,0.97875816993464,0.982315112540193,0.014308426073132,0.986885245901639,0.0610328638497653
"20",0.980922098569157,0.0172955974842767,0.980830670926518,0.969648562300319,0.957142857142857,0.839258114374034,0.0626911314984709,0.0556390977443609,0.97045101088647,0.956923076923077,1,0.0554699537750385,0.0559006211180124,0.954616588419405,0.955315870570108,0.973684210526316,0.0142405063291139,0.995341614906832,0.979099678456592,1,0.996825396825397,0.0207006369426752,0.956656346749226,0.954616588419405,0.0691823899371069,0.013595166163142,0.0471841704718417,0.953525641025641,0.275968992248062,0.0509554140127389,0.935587761674718,0.953343701399689,0.0554699537750385,0.0589147286821705,0.0222929936305732,0.0205696202531646,0.925349922239502,0.0410958904109589,0.977742448330684,0.969512195121951,0.951863354037267,0.981538461538462,0.96594427244582,0.0669781931464174,0.952456418383518,0.972049689440994,0.0736,0.971383147853736,0.974481658692185,0.981337480559876,0.972624798711755,0.951104100946372,0.985576923076923,0.0221870047543582,0.951638065522621,0.925867507886435,0.977848101265823,0.0329489291598023,0.975460122699387,0.952086553323029,0.0397456279809221,0.865625,0.977777777777778,0.946287519747235,0.0492063492063492,1,0.993670886075949,0.0499219968798752,0.953674121405751,0.0952380952380952
"21",0.984101748807631,0.0158982511923688,0.983974358974359,0.97427652733119,0.962025316455696,0.854003139717425,0.0660377358490566,0.0574534161490683,0.9776,0.958990536277603,0.996815286624204,0.0563380281690141,0.0498442367601246,0.95928338762215,0.961476725521669,0.976599063962558,0.0112721417069243,1,0.982229402261712,0.996825396825397,1,0.0174880763116057,0.962558502340094,0.961722488038278,0.073482428115016,0.0106707317073171,0.0421216848673947,0.959083469721768,0.307692307692308,0.0430622009569378,0.938511326860841,0.959807073954984,0.0679304897314376,0.0715421303656598,0.0176,0.0160771704180064,0.935433070866142,0.036697247706422,0.980830670926518,0.975155279503106,0.957878315132605,0.984101748807631,0.971291866028708,0.076555023923445,0.957166392092257,0.976340694006309,0.0801963993453355,0.972402597402597,0.976973684210526,0.98389694041868,0.979032258064516,0.956591639871383,0.987138263665595,0.0191693290734824,0.958990536277603,0.934920634920635,0.982113821138211,0.0309446254071661,0.979623824451411,0.956043956043956,0.036624203821656,0.878125,0.978653530377668,0.953451043338684,0.0442622950819672,0.996672212978369,1,0.0428571428571429,0.96039603960396,0.0966719492868463
"22",0.00162866449511401,1,0.0016,0.0096,0.0177705977382876,0.123824451410658,0.957943925233645,0.946727549467275,0.00477707006369427,0.01875,0.0206677265500795,0.948678071539658,0.977987421383648,0.014446227929374,0.0189873417721519,0.00156985871271586,1,0.0172684458398744,0,0.0207006369426752,0.0174880763116057,1,0.0173228346456693,0.0172143974960876,0.92914653784219,1,0.98125,0.0160513643659711,0.691813804173355,0.975609756097561,0.0342019543973941,0.0224719101123595,0.928909952606635,0.920760697305864,0.998387096774194,0.99673735725938,0.0412044374009509,0.98468606431853,0.00156739811912226,0.0046875,0.0172143974960876,0.00158982511923688,0.00317460317460317,0.94524959742351,0.0208667736757624,0.00789889415481832,0.944178628389155,0.0016366612111293,0.0292682926829268,0.0308441558441558,0.00318979266347687,0.0192307692307692,0.00814332247557003,0.996830427892235,0.0189873417721519,0.0420032310177706,0.00159489633173844,0.988372093023256,0.00155038759689922,0.020440251572327,0.984152139461173,0.105345911949686,0.00161550888529887,0.0208333333333333,0.978896103896104,0.0162337662337662,0.0177705977382876,0.975961538461538,0.0163398692810458,0.932389937106918
"23",0.979876160990712,0.0138888888888889,0.982945736434109,0.984520123839009,1,0.897897897897898,0.065052950075643,0.0721649484536082,0.99075500770416,1,0.956318252730109,0.0688622754491018,0.00928792569659443,1,1,0.984984984984985,0.0124223602484472,0.961715160796325,0.988976377952756,0.956656346749226,0.962558502340094,0.0173228346456693,1,1,0.0911949685534591,0.0193740685543964,0.00151745068285281,1,0.341500765696784,0.00154083204930663,0.985530546623794,1,0.088855421686747,0.0969230769230769,0.003125,0.00940438871473354,0.9796875,0,0.986196319018405,0.987915407854985,1,0.986153846153846,0.983076923076923,0.0778625954198473,1,0.981566820276498,0.0743034055727554,0.989130434782609,0.940157480314961,0.940717628705148,0.984447900466563,1,0.977952755905512,0.0121951219512195,1,0.975,0.986111111111111,0.00158227848101266,0.983050847457627,1,0.00154083204930663,0.91981845688351,0.979907264296754,1,0.00157728706624606,0.963722397476341,0.967391304347826,0.00153374233128834,1,0.0544629349470499
"24",0.979365079365079,0.0125,0.980952380952381,0.987117552334944,1,0.90937019969278,0.0640243902439024,0.0733532934131736,0.992223950233281,1,0.953968253968254,0.0749235474006116,0.00771604938271605,1,1,0.986068111455108,0.0109204368174727,0.957878315132605,0.985959438377535,0.954616588419405,0.961722488038278,0.0172143974960876,1,1,0.0926829268292683,0.0183767228177642,0.00153846153846154,1,0.358695652173913,0.003125,0.995169082125604,1,0.0928792569659443,0.0982839313572543,0,0.00802568218298555,0.989045383411581,0,0.984276729559748,0.989280245022971,1,0.981651376146789,0.985826771653543,0.0829420970266041,1,0.982839313572543,0.0752,0.992101105845182,0.936893203883495,0.937694704049844,0.987321711568938,1,0.977635782747604,0.0108527131782946,1,0.987381703470032,0.982343499197432,0.00161290322580645,0.982998454404946,1,0.00310077519379845,0.932307692307692,0.977952755905512,1,0.00318979266347687,0.961165048543689,0.967084639498433,0.0031104199066874,1,0.0548780487804878
"25",0.0760697305863708,0.924170616113744,0.0602218700475436,0.080952380952381,0.0878594249201278,0.213089802130898,0.984301412872841,0.992331288343558,0.0770440251572327,0.0841269841269841,0.0695102685624013,0.99685534591195,0.893682588597843,0.0937996820349762,0.103448275862069,0.0763239875389408,0.942947702060222,0.0712025316455696,0.067741935483871,0.0691823899371069,0.073482428115016,0.92914653784219,0.0911949685534591,0.0926829268292683,1,0.947852760736196,0.911627906976744,0.0906200317965024,0.771790808240888,0.9056,0.114192495921697,0.094488188976378,0.993836671802773,0.988853503184713,0.912559618441971,0.911290322580645,0.119808306709265,0.906727828746177,0.0777777777777778,0.0830769230769231,0.0945736434108527,0.061633281972265,0.0804416403785489,0.992076069730586,0.0932475884244373,0.0784929356357928,0.9888,0.0718849840255591,0.0892857142857143,0.0928,0.0609951845906902,0.0913539967373573,0.0769230769230769,0.926751592356688,0.0913385826771654,0.1171875,0.0702875399361022,0.908940397350993,0.0702028081123245,0.0928792569659443,0.902208201892745,0.195046439628483,0.0752,0.0979133226324237,0.899038461538462,0.0756843800322061,0.0664556962025316,0.902973395931142,0.098705501618123,0.9640625
"26",0.00152671755725191,0.996960486322188,0.00155038759689922,0.00917431192660551,0.0196671709531014,0.129323308270677,0.964232488822653,0.957971014492754,0.00452488687782805,0.0166919575113809,0.0136157337367625,0.966767371601209,0.976435935198822,0.0152671755725191,0.0196671709531014,0.00149253731343284,1,0.0104166666666667,0,0.013595166163142,0.0106707317073171,1,0.0193740685543964,0.0183767228177642,0.947852760736196,1,0.982035928143713,0.0170807453416149,0.697289156626506,0.975609756097561,0.0357142857142857,0.0227963525835866,0.944776119402985,0.938253012048193,0.998461538461539,0.993874425727412,0.0425531914893617,0.983988355167394,0.0015220700152207,0.00445103857566766,0.0179640718562874,0.00151285930408472,0.00151057401812689,0.954682779456193,0.0200308166409861,0.00754147812971342,0.953917050691244,0.00153609831029186,0.0354938271604938,0.0292758089368259,0.00151745068285281,0.0201238390092879,0.0062015503875969,0.993911719939117,0.0213089802130898,0.0428134556574924,0.00153609831029186,0.98755832037325,0.00149925037481259,0.0208023774145617,0.981954887218045,0.107946026986507,0.00153846153846154,0.0215716486902928,0.978494623655914,0.00940438871473354,0.0108359133126935,0.977272727272727,0.0157232704402516,0.940209267563528
"27",0.0215716486902928,0.984496124031008,0.0188383045525903,0.015600624024961,0.00154559505409583,0.0978915662650602,0.939301972685888,0.924924924924925,0.0124031007751938,0,0.046583850931677,0.926426426426426,0.993993993993994,0.0015527950310559,0.00154559505409583,0.0136363636363636,0.98468606431853,0.0414110429447853,0.0109375,0.0471841704718417,0.0421216848673947,0.98125,0.00151745068285281,0.00153846153846154,0.911627906976744,0.982035928143713,1,0.0015552099533437,0.643625192012289,1,0.0144927536231884,0,0.907435508345979,0.89644513137558,0.993690851735016,0.992223950233281,0.0169753086419753,1,0.0170542635658915,0.00904977375565611,0,0.0168453292496172,0.0154798761609907,0.924499229583975,0.00156739811912226,0.0201550387596899,0.926868044515103,0.00933125972006221,0.0699523052464229,0.0653188180404355,0.0142405063291139,0.0015625,0.0238095238095238,0.986089644513138,0.00155038759689922,0.0188383045525903,0.015625,0.998381877022654,0.0196671709531014,0,1,0.0737327188940092,0.021875,0.00156494522691706,1,0.0401284109149278,0.0403100775193798,1,0,0.956856702619414
"28",0.980738362760835,0.0128824476650564,0.982171799027553,0.985576923076923,1,0.891849529780564,0.0586370839936609,0.0765625,0.992050874403816,1,0.953748006379585,0.0731319554848967,0.00775193798449612,1,1,0.985691573926868,0.00949367088607595,0.959247648902821,0.99025974025974,0.953525641025641,0.959083469721768,0.0160513643659711,1,1,0.0906200317965024,0.0170807453416149,0.0015552099533437,1,0.353407290015848,0.00316957210776545,0.986820428336079,1,0.0971786833855799,0.103937007874016,0.00483870967741936,0.00650406504065041,0.980707395498392,0,0.984202211690363,0.992211838006231,1,0.987301587301587,0.987301587301587,0.08,1,0.982731554160126,0.0751633986928105,0.992,0.932565789473684,0.932148626817447,0.987075928917609,1,0.976935749588138,0.00956937799043062,1,0.977346278317152,0.985623003194888,0.00165562913907285,0.984472049689441,1,0.00318471337579618,0.918367346938776,0.980676328502415,1,0.00330578512396694,0.962233169129721,0.962903225806452,0.00311526479750779,1,0.0543478260869565
"29",0.31496062992126,0.65987460815047,0.304552590266876,0.33122028526149,0.358578052550232,0.47239263803681,0.732006125574273,0.751488095238095,0.340557275541796,0.351145038167939,0.281399046104928,0.750764525993884,0.605222734254992,0.341732283464567,0.363496932515337,0.312597200622084,0.708074534161491,0.30441400304414,0.32120253164557,0.275968992248062,0.307692307692308,0.691813804173355,0.341500765696784,0.358695652173913,0.771790808240888,0.697289156626506,0.643625192012289,0.353407290015848,1,0.624605678233438,0.363636363636364,0.36030534351145,0.811526479750779,0.834633385335413,0.631083202511774,0.626373626373626,0.397174254317111,0.628358208955224,0.336434108527132,0.326807228915663,0.356707317073171,0.306853582554517,0.330757341576507,0.764252696456086,0.350237717908082,0.339009287925697,0.746456692913386,0.320872274143302,0.326984126984127,0.311912225705329,0.312893081761006,0.354531001589825,0.318471337579618,0.649068322981366,0.350609756097561,0.40527950310559,0.311216429699842,0.673770491803279,0.325227963525836,0.367378048780488,0.608024691358025,0.479326186830015,0.317757009345794,0.353941267387944,0.624801271860095,0.28343949044586,0.297297297297297,0.63093415007657,0.345718901453958,0.725460122699387
"30",0.027027027027027,0.980769230769231,0.0255591054313099,0.019047619047619,0.00318979266347687,0.0992248062015504,0.93125,0.922492401215805,0.0126582278481013,0.0015552099533437,0.0490506329113924,0.924382716049383,0.993788819875776,0.00317965023847377,0.00313971742543171,0.0216383307573416,0.984202211690363,0.043956043956044,0.0159744408945687,0.0509554140127389,0.0430622009569378,0.975609756097561,0.00154083204930663,0.003125,0.9056,0.975609756097561,1,0.00316957210776545,0.624605678233438,1,0.0146103896103896,0.0015552099533437,0.906153846153846,0.900943396226415,0.992012779552716,0.9904,0.0173501577287066,1,0.0202492211838006,0.013953488372093,0,0.0204724409448819,0.02,0.918622848200313,0.00161812297734628,0.0219435736677116,0.9264,0.0125588697017268,0.0686274509803922,0.0699523052464229,0.0189873417721519,0.00321543408360129,0.0272435897435897,0.984326018808777,0.0031055900621118,0.0222222222222222,0.0207336523125997,0.99670510708402,0.0217391304347826,0.00154559505409583,1,0.071097372488408,0.0271565495207668,0.00158982511923688,1,0.0446280991735537,0.04,1,0,0.954828660436137
"31",0.957307060755337,0.0263591433278418,0.959415584415584,0.966722129783694,0.98389694041868,0.915094339622642,0.0817307692307692,0.0937019969278034,0.977491961414791,0.987240829346092,0.934426229508197,0.0877742946708464,0.0174050632911392,0.986928104575163,0.990322580645161,0.966613672496025,0.0287081339712919,0.938193343898574,0.967213114754098,0.935587761674718,0.938511326860841,0.0342019543973941,0.985530546623794,0.995169082125604,0.114192495921697,0.0357142857142857,0.0144927536231884,0.986820428336079,0.363636363636364,0.0146103896103896,1,0.985483870967742,0.118858954041204,0.121019108280255,0.0129449838187702,0.0130718954248366,0.995161290322581,0.00619195046439629,0.969404186795491,0.973270440251572,0.985668789808917,0.964686998394864,0.970967741935484,0.10016155088853,0.983739837398374,0.962962962962963,0.0949263502454992,0.970731707317073,0.917355371900826,0.92515923566879,0.967741935483871,0.982200647249191,0.959933222036728,0.0256821829855538,0.987179487179487,0.9904,0.964285714285714,0.01669449081803,0.961844197138315,0.985691573926868,0.0128824476650564,0.936507936507937,0.957654723127036,0.986776859504132,0.0099009900990099,0.943238731218698,0.94345718901454,0.00961538461538462,0.981996726677578,0.0718849840255591
"32",0.973478939157566,0.0174050632911392,0.97626582278481,0.984227129337539,1,0.885670731707317,0.0686427457098284,0.0772659732540862,0.988906497622821,1,0.95260663507109,0.0757341576506955,0.0078125,1,1,0.98145285935085,0.0141955835962145,0.958074534161491,0.984,0.953343701399689,0.959807073954984,0.0224719101123595,1,1,0.094488188976378,0.0227963525835866,0,1,0.36030534351145,0.0015552099533437,0.985483870967742,1,0.0974124809741248,0.1015625,0.00474683544303797,0.00949367088607595,0.977742448330684,0,0.979591836734694,0.987767584097859,1,0.979969183359014,0.981308411214953,0.0830721003134796,1,0.9796875,0.078525641025641,0.988924050632911,0.940514469453376,0.938095238095238,0.982731554160126,1,0.974603174603175,0.0140405616224649,1,0.974723538704581,0.979397781299525,0.00324675324675325,0.978260869565217,1,0.00158478605388273,0.907692307692308,0.972668810289389,1,0.0016025641025641,0.957654723127036,0.963317384370016,0.00154559505409583,1,0.0511627906976744
"33",0.0715396578538103,0.923076923076923,0.0667701863354037,0.0849056603773585,0.0910493827160494,0.221719457013575,0.978625954198473,0.989705882352941,0.0808709175738725,0.0868217054263566,0.0576323987538941,0.990909090909091,0.884036144578313,0.0967741935483871,0.107033639143731,0.0742424242424242,0.94478527607362,0.0597243491577335,0.0691823899371069,0.0554699537750385,0.0679304897314376,0.928909952606635,0.088855421686747,0.0928792569659443,0.993836671802773,0.944776119402985,0.907435508345979,0.0971786833855799,0.811526479750779,0.906153846153846,0.118858954041204,0.0974124809741248,1,1,0.911671924290221,0.911671924290221,0.124807395993837,0.903759398496241,0.0793893129770992,0.0876132930513595,0.0972644376899696,0.0601851851851852,0.0874811463046757,0.986217457886677,0.097331240188383,0.0814132104454685,0.982785602503912,0.0696594427244582,0.0839936608557845,0.0778816199376947,0.062111801242236,0.095389507154213,0.0703125,0.921417565485362,0.10077519379845,0.124416796267496,0.0722135007849294,0.910969793322735,0.0723076923076923,0.0942812982998454,0.901538461538462,0.200305810397554,0.0733229329173167,0.104524180967239,0.894654088050314,0.0657051282051282,0.0560747663551402,0.898773006134969,0.101587301587302,0.960665658093797
"34",0.0777604976671851,0.916666666666667,0.0677165354330709,0.0884676145339652,0.0941915227629513,0.22406015037594,0.973561430793157,0.981873111782477,0.0876369327073552,0.086286594761171,0.0638629283489097,0.986217457886677,0.876524390243902,0.10410094637224,0.110419906687403,0.0817901234567901,0.937019969278034,0.0668740279937792,0.0775193798449612,0.0589147286821705,0.0715421303656598,0.920760697305864,0.0969230769230769,0.0982839313572543,0.988853503184713,0.938253012048193,0.89644513137558,0.103937007874016,0.834633385335413,0.900943396226415,0.121019108280255,0.1015625,1,1,0.90302066772655,0.910094637223975,0.128930817610063,0.894894894894895,0.0830769230769231,0.0900763358778626,0.0995405819295559,0.065625,0.0917573872472784,0.982839313572543,0.105015673981191,0.0900621118012422,0.9796875,0.0809968847352025,0.0853462157809984,0.0824088748019017,0.0713153724247227,0.10377358490566,0.0752,0.917956656346749,0.104037267080745,0.126365054602184,0.078740157480315,0.903381642512077,0.0848765432098765,0.100931677018634,0.892690513219285,0.202453987730061,0.0849056603773585,0.110584518167457,0.892063492063492,0.0711974110032362,0.0625978090766823,0.894573643410853,0.107544141252006,0.959752321981424
