"","V1","V2","V3","V4","V5","V6","V7","V8","V9","V10","V11","V12","V13","V14","V15","V16","V17","V18","V19","V20","V21","V22","V23","V24","V25","V26","V27","V28","V29","V30","V31","V32","V33","V34","V35","V36","V37","V38","V39","V40","V41","V42","V43","V44","V45","V46","V47","V48","V49","V50","V51","V52","V53","V54","V55","V56","V57","V58","V59","V60","V61","V62","V63","V64","V65","V66","V67","V68","V69","V70"
"1",1,0,0.719211822660099,0.6296875,0.0124031007751938,0,0,0,0.586046511627907,0.0236593059936909,0.87062404870624,0,0.00627943485086342,0.00778816199376947,0.00617283950617284,0.131045241809672,0,0.870967741935484,0.940532081377152,0.8592,0.88597842835131,0,0.0129449838187702,0.00302114803625378,0,0,0.00980392156862745,0.0262751159196291,0,0.00314465408805031,0.178125,0.0109204368174727,0,0,0,0,0,0,0.813374805598756,0.05,0.0046875,0.709627329192547,0.106918238993711,0,0.0162337662337662,0.563552833078101,0,0.163608562691131,0.781818181818182,0.8752,0.0641627543035994,0.0264797507788162,0.831007751937984,0,0.00952380952380952,0,0.898573692551506,0,0.605431309904153,0.0302066772655008,0.00319488817891374,0,1,0.0157728706624606,0.00305810397553517,0.868624420401855,0.866251944012442,0,0.0278207109737249,0.216429699842022
"2",0,1,0,0,0,0.0221518987341772,0.141975308641975,0.150943396226415,0,0,0,0.126829268292683,0.4464,0,0,0,0.649842271293375,0,0,0,0,0.6421875,0,0,0.132165605095541,0.624413145539906,0.453957996768982,0,0.0375586854460094,0.499217527386541,0.0061633281972265,0,0.0834670947030498,0.0707692307692308,0.964125560538117,0.970903522205207,0.00305343511450382,0.530232558139535,0,0,0,0,0,0.12792511700468,0,0,0.125786163522013,0,0,0,0,0,0,1,0,0,0,0.687010954616588,0,0,0.474878444084279,0.0095389507154213,0,0,0.498461538461538,0,0,0.504746835443038,0,0.103125
"3",0.719211822660099,0,1,0.435351882160393,0.0507131537242472,0,0,0,0.375203915171289,0.0998389694041868,0.558917197452229,0,0,0.0618066561014263,0.0145161290322581,0.434146341463415,0,0.56031746031746,0.782324058919804,0.540630182421227,0.585714285714286,0,0.0536912751677852,0.0235478806907378,0,0,0.00167785234899329,0.109697933227345,0,0,0.0821256038647343,0.0585365853658537,0,0,0,0,0,0,0.770096463022508,0.340460526315789,0.00967741935483871,1,0.241721854304636,0,0.0956375838926175,0.443381180223285,0,0.487616099071207,0.456556082148499,0.556836902800659,0.277960526315789,0.120521172638436,0.608414239482201,0,0.0511551155115512,0,0.815307820299501,0,0.878688524590164,0.118811881188119,0,0,0.70655737704918,0.0936995153473344,0,0.558966074313409,0.567524115755627,0,0.12,0.032520325203252
"4",0.6296875,0,0.435351882160393,1,0.0342146189735614,0.159744408945687,0.123456790123457,0.0837209302325581,0.679365079365079,0.00969305331179321,0.668195718654434,0.0570962479608483,0.00952380952380952,0.0390015600624025,0.0407523510971787,0.167731629392971,0.00478468899521531,0.699530516431925,0.67205169628433,0.695024077046549,0.696456086286595,0.00322061191626409,0.0444078947368421,0.0278207109737249,0.123003194888179,0.0031496062992126,0.0618892508143322,0.0125786163522013,0.0372168284789644,0.008,0.512461059190031,0.0445859872611465,0.0430622009569378,0.0403726708074534,0,0,0.100917431192661,0,0.733542319749216,0.0761904761904762,0.0491283676703645,0.513513513513513,0.0711974110032362,0.106583072100313,0.0276422764227642,0.8712715855573,0.192675159235669,0.124807395993837,0.761538461538461,0.69935691318328,0.028436018957346,0.0125391849529781,0.792663476874003,0,0.0452342487883683,0.0538336052202284,0.68,0,0.5260663507109,0.0142405063291139,0.00967741935483871,0.0775444264943457,0.645631067961165,0.0128,0.00934579439252336,0.658730158730159,0.688995215311005,0.00477707006369427,0.015527950310559,0.485225505443235
"5",0.0124031007751938,0,0.0507131537242472,0.0342146189735614,1,0.0580847723704867,0.00458015267175573,0.0166414523449319,0.304281345565749,0.841692789968652,0.0045045045045045,0.009375,0,0.995502248875562,0.906727828746177,0.58125,0,0.00609756097560976,0.0140845070422535,0.0015600624024961,0.00442477876106195,0,0.936305732484076,0.923308270676692,0.00308166409861325,0,0,0.838905775075988,0.071097372488408,0,0.125574272588055,0.844375963020031,0.0308641975308642,0.0359281437125748,0,0,0.172876304023845,0,0.0259938837920489,0.675507020280811,0.899390243902439,0.0590062111801242,0.720496894409938,0.00301659125188537,0.911433172302738,0.0412213740458015,0.00151515151515152,0.529585798816568,0,0.00310077519379845,0.697063369397218,0.826219512195122,0.0108359133126935,0,0.98740157480315,0.368589743589744,0.0202492211838006,0,0.0373250388802488,0.848062015503876,0,0.129337539432177,0.0063391442155309,0.905718701700155,0,0.00304878048780488,0.00606060606060606,0,0.832826747720365,0.00152905198776758
"6",0,0.0221518987341772,0,0.159744408945687,0.0580847723704867,1,0.881889763779528,0.833073322932917,0.0505529225908373,0.0176565008025682,0,0.867862969004894,0,0.0648148148148148,0.154929577464789,0.00159235668789809,0.386327503974563,0,0,0,0,0.389337641357027,0.0801963993453355,0.113671274961598,0.905063291139241,0.410174880763116,0.00655737704918033,0.0188679245283019,0.894568690095847,0.00158478605388273,0.6515625,0.0591054313099042,0.892282958199357,0.880804953560371,0.00152671755725191,0.00305343511450382,0.885321100917431,0.0031496062992126,0.0207336523125997,0,0.14018691588785,0,0.00322061191626409,0.890795631825273,0.016366612111293,0.146417445482866,0.780645161290323,0,0.0168970814132104,0.00319488817891374,0.00314465408805031,0.0110759493670886,0.00161812297734628,0.0184899845916795,0.0731319554848967,0.634266886326194,0,0.00157728706624606,0.00648298217179903,0.0143769968051118,0,0.908212560386473,0,0.015748031496063,0.00154798761609907,0,0,0.00324675324675325,0.0127388535031847,0.265625
"7",0,0.141975308641975,0,0.123456790123457,0.00458015267175573,0.881889763779528,1,0.952671755725191,0.0078003120124805,0,0,0.950793650793651,0.00154083204930663,0.00618238021638331,0.0493827160493827,0,0.53582554517134,0,0,0,0,0.527386541471048,0.0111821086261981,0.0285714285714286,0.993827160493827,0.552995391705069,0.0176848874598071,0,0.812982998454405,0.0061633281972265,0.587869362363919,0.00462249614791988,0.877165354330709,0.849462365591398,0.0819672131147541,0.0863636363636364,0.719033232628399,0.0107692307692308,0.00610687022900763,0,0.0413476263399694,0,0,0.990683229813665,0.00161550888529887,0.106317411402157,0.870716510903427,0,0.0211800302571861,0.00622083981337481,0,0,0,0.152671755725191,0.00941915227629513,0.5,0,0.014018691588785,0.00310077519379845,0,0,0.7671875,0,0.00315457413249211,0.00462962962962963,0,0,0.0062992125984252,0,0.311526479750779
"8",0,0.150943396226415,0,0.0837209302325581,0.0166414523449319,0.833073322932917,0.952671755725191,1,0.00916030534351145,0,0,0.98389694041868,0,0.0230769230769231,0.0652173913043478,0.00157728706624606,0.574303405572755,0,0,0,0,0.571653543307087,0.0259319286871961,0.0526315789473684,0.957210776545166,0.591962905718702,0.00481540930979133,0,0.856025039123631,0.00309597523219814,0.555555555555556,0.0138888888888889,0.918789808917197,0.891975308641975,0.085672082717873,0.086053412462908,0.729041916167665,0.00762195121951219,0,0,0.0660522273425499,0,0,0.940998487140696,0.00324149108589951,0.0672782874617737,0.822605965463108,0,0.00151975683890578,0.00158478605388273,0,0.00151745068285281,0,0.163328197226502,0.0251968503937008,0.541062801932367,0,0.0124804992199688,0,0.00157728706624606,0,0.776545166402536,0,0.00627943485086342,0.00155763239875389,0,0,0.0031496062992126,0.00154083204930663,0.269767441860465
"9",0.586046511627907,0,0.375203915171289,0.679365079365079,0.304281345565749,0.0505529225908373,0.0078003120124805,0.00916030534351145,1,0.253184713375796,0.562883435582822,0.00321027287319422,0.00158227848101266,0.283742331288344,0.312597200622084,0.302362204724409,0,0.572307692307692,0.645933014354067,0.543171114599686,0.579754601226994,0,0.355305466237942,0.31866464339909,0.00634920634920635,0,0.0159235668789809,0.257763975155279,0.0156985871271586,0,0.4265625,0.3359375,0.00952380952380952,0.00934579439252336,0,0,0.086890243902439,0,0.653125,0.211446740858506,0.344186046511628,0.4484375,0.349529780564263,0.0109375,0.266886326194399,0.671274961597542,0.0445859872611465,0.286363636363636,0.590015128593041,0.544881889763779,0.236133122028526,0.221705426356589,0.648818897637795,0,0.282574568288854,0.126436781609195,0.663461538461538,0,0.450793650793651,0.26031746031746,0.00158982511923688,0.0512,0.593650793650794,0.237795275590551,0,0.52093023255814,0.555555555555556,0,0.252351097178683,0.304897314375987
"10",0.0236593059936909,0,0.0998389694041868,0.00969305331179321,0.841692789968652,0.0176565008025682,0,0,0.253184713375796,1,0.0139318885448916,0,0,0.832288401253918,0.74685534591195,0.6368,0,0.0188087774294671,0.035426731078905,0.0114754098360656,0.0173228346456693,0,0.827697262479871,0.782071097372488,0,0,0,0.998425196850394,0.0112903225806452,0,0.047244094488189,0.789808917197452,0,0.0015625,0,0,0.0785824345146379,0,0.0172143974960876,0.751623376623377,0.732594936708861,0.086677367576244,0.882165605095541,0,0.925373134328358,0.0139751552795031,0,0.662100456621005,0.00157232704402516,0.00485436893203883,0.879032258064516,0.998422712933754,0.0235109717868339,0,0.814696485623003,0.229752066115702,0.0290791599353796,0,0.0565428109854604,0.998373983739837,0,0.0484652665589661,0.0224,0.936204146730462,0,0.0158730158730159,0.0158227848101266,0,0.992138364779874,0
"11",0.87062404870624,0,0.558917197452229,0.668195718654434,0.0045045045045045,0,0,0,0.562883435582822,0.0139318885448916,1,0,0.0604651162790698,0.00302114803625378,0,0.0762195121951219,0,0.98340874811463,0.792424242424242,0.998425196850394,0.977203647416413,0,0.00478468899521531,0,0,0,0.0658307210031348,0.0134328358208955,0,0.0380517503805175,0.189522342064715,0.00768049155145929,0,0,0,0,0,0.00303490136570561,0.655639097744361,0.0229709035222052,0,0.579598145285935,0.0425196850393701,0,0.0145395799676898,0.57847533632287,0,0.0597907324364723,0.914201183431953,0.9875,0.0259541984732824,0.015220700152207,0.911450381679389,0,0.00154559505409583,0,0.750394944707741,0.00153846153846154,0.47581903276131,0.0186915887850467,0.0435458786936236,0,0.900311526479751,0.00923076923076923,0.0389805097451274,0.998480243161094,0.987711213517665,0.0186335403726708,0.0197268588770865,0.339506172839506
"12",0,0.126829268292683,0,0.0570962479608483,0.009375,0.867862969004894,0.950793650793651,0.98389694041868,0.00321027287319422,0,0,1,0,0.0128205128205128,0.0480769230769231,0,0.578025477707006,0,0,0,0,0.574468085106383,0.0131578947368421,0.0361067503924647,0.963022508038585,0.606973058637084,0.0066006600660066,0,0.884615384615385,0.00321027287319422,0.492753623188406,0.00482315112540193,0.944625407166124,0.917721518987342,0.0812883435582822,0.0762052877138414,0.747648902821317,0.00641025641025641,0.00158730158730159,0,0.0457413249211356,0,0,0.957345971563981,0.00166389351081531,0.0423861852433281,0.810593900481541,0,0.0015625,0,0,0,0,0.136363636363636,0.0159489633173844,0.549833887043189,0,0.00798722044728434,0,0,0,0.8,0,0.00321027287319422,0.00159744408945687,0,0,0.0032258064516129,0,0.207729468599034
"13",0.00627943485086342,0.4464,0,0.00952380952380952,0,0,0.00154083204930663,0,0.00158227848101266,0,0.0604651162790698,0,1,0,0,0,0.0736677115987461,0.0354938271604938,0,0.061389337641357,0.0328638497652582,0.0769230769230769,0,0,0,0.0508744038155803,0.895833333333333,0,0,0.933438985736926,0,0,0,0,0.52416918429003,0.529051987767584,0,0.899053627760252,0.00156985871271586,0,0,0,0,0,0,0.0015748031496063,0,0,0.0584615384615385,0.0526315789473684,0,0,0.0238095238095238,0.480798771121352,0,0,0.0016260162601626,0.761682242990654,0,0,0.996774193548387,0,0.00969305331179321,0,0.936630602782071,0.0564263322884013,0.0470219435736677,0.943181818181818,0,0.314696485623003
"14",0.00778816199376947,0,0.0618066561014263,0.0390015600624025,0.995502248875562,0.0648148148148148,0.00618238021638331,0.0230769230769231,0.283742331288344,0.832288401253918,0.00302114803625378,0.0128205128205128,0,1,0.890769230769231,0.598449612403101,0,0.00449775112443778,0.0108527131782946,0,0.00452488687782805,0,0.92,0.897744360902256,0.00467289719626168,0,0,0.825493171471927,0.0815047021943574,0,0.124031007751938,0.829984544049459,0.04375,0.0457317073170732,0,0,0.176911544227886,0,0.0214395099540582,0.682242990654206,0.879573170731707,0.0721003134796238,0.699059561128527,0.00306748466257669,0.901612903225806,0.0395738203957382,0.00156739811912226,0.527027027027027,0,0.0015748031496063,0.689167974882261,0.812307692307692,0.00778816199376947,0,1,0.358730158730159,0.0158478605388273,0,0.0527950310559006,0.830455259026688,0,0.142405063291139,0.0046875,0.904173106646059,0,0.00306748466257669,0.00469483568075117,0,0.822358346094946,0.00153374233128834
"15",0.00617283950617284,0,0.0145161290322581,0.0407523510971787,0.906727828746177,0.154929577464789,0.0493827160493827,0.0652173913043478,0.312597200622084,0.74685534591195,0,0.0480769230769231,0,0.890769230769231,1,0.438948995363215,0,0.00152905198776758,0.00784929356357928,0,0,0,0.93312101910828,0.972644376899696,0.0561622464898596,0,0,0.730061349693252,0.171653543307087,0,0.200310559006211,0.843653250773994,0.100946372239748,0.136294027565084,0,0,0.294294294294294,0,0.0232198142414861,0.5296875,1,0.0221870047543582,0.600946372239748,0.0459418070444104,0.794788273615635,0.0614439324116743,0.0408163265306122,0.406906906906907,0,0,0.592476489028213,0.720496894409938,0.0031055900621118,0,0.884858044164038,0.499194847020934,0.0157232704402516,0,0.0282574568288854,0.736677115987461,0,0.257097791798107,0.00156739811912226,0.789638932496075,0,0,0.00155763239875389,0,0.709876543209877,0.0187207488299532
"16",0.131045241809672,0,0.434146341463415,0.167731629392971,0.58125,0.00159235668789809,0,0.00157728706624606,0.302362204724409,0.6368,0.0762195121951219,0,0,0.598449612403101,0.438948995363215,1,0,0.0771604938271605,0.226209048361934,0.0651828298887122,0.0788253477588872,0,0.502454991816694,0.481538461538462,0,0,0,0.656200941915228,0,0,0.115506329113924,0.455974842767296,0,0,0,0,0.00611620795107034,0,0.241706161137441,0.966772151898734,0.427001569858713,0.456,0.758293838862559,0,0.645056726094003,0.15015479876161,0.00158478605388273,0.874432677760968,0.0462249614791988,0.0618066561014263,0.798076923076923,0.670347003154574,0.146919431279621,0,0.601895734597156,0.0340909090909091,0.21993670886076,0,0.36984126984127,0.662974683544304,0,0.00641025641025641,0.124401913875598,0.673534072900158,0,0.0774091627172196,0.0852713178294574,0,0.696540880503145,0.0234009360374415
"17",0,0.649842271293375,0,0.00478468899521531,0,0.386327503974563,0.53582554517134,0.574303405572755,0,0,0,0.578025477707006,0.0736677115987461,0,0,0,1,0,0,0,0,0.998402555910543,0,0,0.525477707006369,0.998447204968944,0.108064516129032,0,0.414944356120827,0.127158555729984,0.144654088050314,0,0.489859594383775,0.478939157566303,0.559701492537313,0.567073170731707,0.272727272727273,0.161741835147745,0,0,0,0,0,0.528771384136858,0,0.0046583850931677,0.448494453248811,0,0,0,0,0,0,0.625391849529781,0,0.125,0,0.34012539184953,0,0,0.0868878357030016,0.3168,0,0,0.10939907550077,0,0,0.119354838709677,0,0.13946117274168
"18",0.870967741935484,0,0.56031746031746,0.699530516431925,0.00609756097560976,0,0,0,0.572307692307692,0.0188087774294671,0.98340874811463,0,0.0354938271604938,0.00449775112443778,0.00152905198776758,0.0771604938271605,0,1,0.805295950155763,0.983024691358025,1,0,0.00632911392405063,0.00297176820208024,0,0,0.05,0.0136986301369863,0,0.0276497695852535,0.180277349768875,0.00625,0,0,0,0,0,0.00151975683890578,0.681047765793529,0.0202808112324493,0.0015527950310559,0.572755417956656,0.058641975308642,0,0.0147299509001637,0.602698650674663,0,0.0641791044776119,0.909638554216867,0.976599063962558,0.0263565891472868,0.0184899845916795,0.944954128440367,0,0.00310077519379845,0,0.764521193092622,0,0.499229583975347,0.0188383045525903,0.0267295597484277,0,0.905426356589147,0.0123647604327666,0.0254491017964072,0.978494623655914,0.993920972644377,0.010989010989011,0.0211161387631976,0.337423312883436
"19",0.940532081377152,0,0.782324058919804,0.67205169628433,0.0140845070422535,0,0,0,0.645933014354067,0.035426731078905,0.792424242424242,0,0,0.0108527131782946,0.00784929356357928,0.226209048361934,0,0.805295950155763,1,0.77938808373591,0.816037735849057,0,0.0164203612479475,0.0077639751552795,0,0,0.0032626427406199,0.0434108527131783,0,0,0.211598746081505,0.021978021978022,0,0,0,0,0,0,0.885271317829457,0.118022328548644,0.00623052959501558,0.781055900621118,0.155660377358491,0,0.0279146141215107,0.632465543644717,0,0.25114854517611,0.711656441717791,0.796774193548387,0.109717868338558,0.0451010886469673,0.853125,0,0.0111464968152866,0,0.946945337620579,0,0.690208667736758,0.0471544715447154,0,0,0.922953451043339,0.0283464566929134,0,0.788401253918495,0.800632911392405,0,0.0404354587869362,0.179407176287051
"20",0.8592,0,0.540630182421227,0.695024077046549,0.0015600624024961,0,0,0,0.543171114599686,0.0114754098360656,0.998425196850394,0,0.061389337641357,0,0,0.0651828298887122,0,0.983024691358025,0.77938808373591,1,0.977987421383648,0,0.00332225913621262,0,0,0,0.0711920529801325,0.00961538461538462,0,0.0397456279809221,0.176190476190476,0.00789889415481832,0,0,0,0,0,0.00317965023847377,0.664012738853503,0.0192,0,0.571656050955414,0.0432692307692308,0,0.0149750415973378,0.592476489028213,0,0.0559875583203732,0.924731182795699,0.988599348534202,0.0211038961038961,0.0125391849529781,0.92776886035313,0,0,0,0.7430441898527,0.00158982511923688,0.475513428120063,0.0147540983606557,0.0460526315789474,0,0.893548387096774,0.00811688311688312,0.0428571428571429,1,0.987381703470032,0.0226537216828479,0.0141065830721003,0.348101265822785
"21",0.88597842835131,0,0.585714285714286,0.696456086286595,0.00442477876106195,0,0,0,0.579754601226994,0.0173228346456693,0.977203647416413,0,0.0328638497652582,0.00452488687782805,0,0.0788253477588872,0,1,0.816037735849057,0.977987421383648,1,0,0.00476190476190476,0.00149476831091181,0,0,0.0473186119873817,0.010590015128593,0,0.0261941448382126,0.165891472868217,0.00766871165644172,0,0,0,0,0,0.00151975683890578,0.693251533742331,0.0215384615384615,0,0.59472049689441,0.0589147286821705,0,0.0159744408945687,0.602373887240356,0,0.0844444444444444,0.900740740740741,0.970633693972179,0.0263975155279503,0.0183206106870229,0.938744257274119,0,0.00304878048780488,0,0.78416149068323,0,0.50609756097561,0.0186625194401244,0.0265210608424337,0,0.917445482866044,0.0107361963190184,0.0244648318042813,0.978978978978979,0.990769230769231,0.0123839009287926,0.0199081163859112,0.313546423135464
"22",0,0.6421875,0,0.00322061191626409,0,0.389337641357027,0.527386541471048,0.571653543307087,0,0,0,0.574468085106383,0.0769230769230769,0,0,0,0.998402555910543,0,0,0,0,1,0,0,0.524350649350649,1,0.1008,0,0.420545746388443,0.119047619047619,0.126198083067093,0,0.5,0.46875,0.562691131498471,0.570762052877138,0.274294670846395,0.156299840510367,0,0,0,0,0,0.524409448818898,0,0,0.439102564102564,0,0,0,0,0,0,0.624213836477987,0,0.105263157894737,0,0.28343949044586,0,0,0.0888157894736842,0.323051948051948,0,0,0.108661417322835,0,0,0.113268608414239,0,0.10702875399361
"23",0.0129449838187702,0,0.0536912751677852,0.0444078947368421,0.936305732484076,0.0801963993453355,0.0111821086261981,0.0259319286871961,0.355305466237942,0.827697262479871,0.00478468899521531,0.0131578947368421,0,0.92,0.93312101910828,0.502454991816694,0,0.00632911392405063,0.0164203612479475,0.00332225913621262,0.00476190476190476,0,1,0.967845659163987,0.00826446280991736,0,0,0.830097087378641,0.0775577557755776,0,0.144694533762058,0.927066450567261,0.0420032310177706,0.0528,0,0,0.207936507936508,0,0.0288,0.594728171334432,0.934083601286174,0.0551948051948052,0.735632183908046,0.0094488188976378,0.860544217687075,0.0600315955766193,0.00823723228995058,0.506269592476489,0.00161030595813205,0.00324149108589951,0.712171052631579,0.823529411764706,0.0112359550561798,0,0.906862745098039,0.403361344537815,0.0277777777777778,0,0.0520325203252033,0.851170568561873,0,0.164744645799012,0.00825082508250825,0.847266881028939,0,0.00324149108589951,0.00637958532695375,0,0.824959481361426,0.00967741935483871
"24",0.00302114803625378,0,0.0235478806907378,0.0278207109737249,0.923308270676692,0.113671274961598,0.0285714285714286,0.0526315789473684,0.31866464339909,0.782071097372488,0,0.0361067503924647,0,0.897744360902256,0.972644376899696,0.481538461538462,0,0.00297176820208024,0.0077639751552795,0,0.00149476831091181,0,0.967845659163987,1,0.0343213728549142,0,0,0.77727952167414,0.146831530139104,0,0.163608562691131,0.872340425531915,0.0855365474339036,0.108270676691729,0,0,0.272592592592593,0,0.0151057401812689,0.562790697674419,0.971471471471472,0.0264797507788162,0.66306027820711,0.0287443267776097,0.807631160572337,0.0490341753343239,0.0230061349693252,0.449554896142433,0,0,0.643185298621746,0.771341463414634,0.00309119010819165,0,0.891808346213292,0.474683544303797,0.00784929356357928,0,0.0276497695852535,0.779320987654321,0,0.229329173166927,0.00308166409861325,0.800604229607251,0,0,0.00303951367781155,0,0.771689497716895,0.00758725341426404
"25",0,0.132165605095541,0,0.123003194888179,0.00308166409861325,0.905063291139241,0.993827160493827,0.957210776545166,0.00634920634920635,0,0,0.963022508038585,0,0.00467289719626168,0.0561622464898596,0,0.525477707006369,0,0,0,0,0.524350649350649,0.00826446280991736,0.0343213728549142,1,0.544740973312402,0.00813008130081301,0,0.838351822503962,0.00315955766192733,0.556603773584906,0.0047244094488189,0.895161290322581,0.865116279069767,0.0758725341426404,0.0753846153846154,0.75,0.00632911392405063,0.00469483568075117,0,0.0449612403100775,0,0,0.992223950233281,0.00165289256198347,0.0953125,0.847003154574132,0,0.0125195618153365,0.00478468899521531,0,0,0,0.136645962732919,0.00805152979066022,0.528735632183908,0,0.0047244094488189,0,0,0,0.7824,0,0.0016,0.00158982511923688,0,0,0.00323624595469256,0,0.281645569620253
"26",0,0.624413145539906,0,0.0031496062992126,0,0.410174880763116,0.552995391705069,0.591962905718702,0,0,0,0.606973058637084,0.0508744038155803,0,0,0,0.998447204968944,0,0,0,0,1,0,0,0.544740973312402,1,0.0843949044585987,0,0.45141065830721,0.0992248062015504,0.139570552147239,0,0.526315789473684,0.507716049382716,0.535820895522388,0.541353383458647,0.306853582554517,0.136085626911315,0,0,0,0,0,0.546153846153846,0,0.00307692307692308,0.454545454545455,0,0,0,0,0,0,0.59472049689441,0,0.14170692431562,0,0.270897832817337,0,0,0.0780254777070064,0.365231259968102,0,0,0.0844854070660522,0,0,0.0906200317965024,0,0.0904836193447738
"27",0.00980392156862745,0.453957996768982,0.00167785234899329,0.0618892508143322,0,0.00655737704918033,0.0176848874598071,0.00481540930979133,0.0159235668789809,0,0.0658307210031348,0.0066006600660066,0.895833333333333,0,0,0,0.108064516129032,0.05,0.0032626427406199,0.0711920529801325,0.0473186119873817,0.1008,0,0,0.00813008130081301,0.0843949044585987,1,0,0,0.971153846153846,0.0288461538461538,0,0.00323624595469256,0.00157728706624606,0.530959752321981,0.532182103610675,0,0.924193548387097,0.0174050632911392,0,0,0.00322061191626409,0,0.012779552715655,0,0.0312989045383412,0.0258899676375405,0,0.10062893081761,0.0648298217179903,0,0,0.0400641025641026,0.487261146496815,0,0,0.00657894736842105,0.783034257748777,0.00164473684210526,0,0.898360655737705,0,0.00993377483443709,0,0.970031545741325,0.0624,0.0496,0.964458804523425,0,0.402597402597403
"28",0.0262751159196291,0,0.109697933227345,0.0125786163522013,0.838905775075988,0.0188679245283019,0,0,0.257763975155279,0.998425196850394,0.0134328358208955,0,0,0.825493171471927,0.730061349693252,0.656200941915228,0,0.0136986301369863,0.0434108527131783,0.00961538461538462,0.010590015128593,0,0.830097087378641,0.77727952167414,0,0,0,1,0.0154320987654321,0,0.0584615384615385,0.78328173374613,0,0.00152905198776758,0,0,0.0832072617246596,0,0.0228658536585366,0.771739130434783,0.726299694189602,0.112852664576803,0.88801261829653,0,0.919224555735057,0.0136986301369863,0,0.667168674698795,0,0.00783699059561128,0.879499217527387,1,0.0201863354037267,0,0.802816901408451,0.217806041335453,0.0250783699059561,0,0.0695102685624013,0.998420221169036,0,0.0479233226837061,0.0220820189274448,0.937597503900156,0,0.013719512195122,0.00921658986175115,0,0.992307692307692,0
"29",0,0.0375586854460094,0,0.0372168284789644,0.071097372488408,0.894568690095847,0.812982998454405,0.856025039123631,0.0156985871271586,0.0112903225806452,0,0.884615384615385,0,0.0815047021943574,0.171653543307087,0,0.414944356120827,0,0,0,0,0.420545746388443,0.0775577557755776,0.146831530139104,0.838351822503962,0.45141065830721,0,0.0154320987654321,1,0,0.520504731861199,0.0818897637795276,0.96474358974359,0.979719188767551,0.00453857791225416,0.00612557427258806,0.894009216589862,0,0,0,0.172143974960876,0,0,0.837753510140406,0.0180623973727422,0.043343653250774,0.691693290734824,0,0,0,0.00158730158730159,0.0141509433962264,0,0.021978021978022,0.0868167202572347,0.734959349593496,0,0.0015748031496063,0,0.0127591706539075,0,0.946341463414634,0,0.0207336523125997,0,0,0,0,0.0111111111111111,0.165615141955836
"30",0.00314465408805031,0.499217527386541,0,0.008,0,0.00158478605388273,0.0061633281972265,0.00309597523219814,0,0,0.0380517503805175,0.00321027287319422,0.933438985736926,0,0,0,0.127158555729984,0.0276497695852535,0,0.0397456279809221,0.0261941448382126,0.119047619047619,0,0,0.00315955766192733,0.0992248062015504,0.971153846153846,0,0,1,0,0,0.00158730158730159,0.00155038759689922,0.575260804769002,0.561456752655539,0,0.972350230414747,0,0,0,0,0,0.00309597523219814,0,0,0.00156494522691706,0,0.0440729483282675,0.0375,0,0,0.0186915887850467,0.517719568567026,0,0,0,0.795918367346939,0,0,0.945141065830721,0,0.00316957210776545,0,1,0.0349013657056146,0.0357142857142857,1,0,0.33695652173913
"31",0.178125,0.0061633281972265,0.0821256038647343,0.512461059190031,0.125574272588055,0.6515625,0.587869362363919,0.555555555555556,0.4265625,0.047244094488189,0.189522342064715,0.492753623188406,0,0.124031007751938,0.200310559006211,0.115506329113924,0.144654088050314,0.180277349768875,0.211598746081505,0.176190476190476,0.165891472868217,0.126198083067093,0.144694533762058,0.163608562691131,0.556603773584906,0.139570552147239,0.0288461538461538,0.0584615384615385,0.520504731861199,0,1,0.140378548895899,0.507131537242472,0.4884437596302,0,0,0.618541033434651,0.00154559505409583,0.284375,0.0522151898734177,0.197204968944099,0.165354330708661,0.0700636942675159,0.545454545454545,0.0574712643678161,0.469418960244648,0.620634920634921,0.0651515151515152,0.280674846625767,0.197115384615385,0.0314465408805031,0.0389408099688473,0.243328100470958,0.0138674884437596,0.146456692913386,0.483091787439614,0.224,0.0015527950310559,0.180379746835443,0.05103668261563,0,0.576433121019108,0.162420382165605,0.0581761006289308,0,0.168711656441718,0.179407176287051,0.00161030595813205,0.0371517027863777,0.513137557959815
"32",0.0109204368174727,0,0.0585365853658537,0.0445859872611465,0.844375963020031,0.0591054313099042,0.00462249614791988,0.0138888888888889,0.3359375,0.789808917197452,0.00768049155145929,0.00482315112540193,0,0.829984544049459,0.843653250773994,0.455974842767296,0,0.00625,0.021978021978022,0.00789889415481832,0.00766871165644172,0,0.927066450567261,0.872340425531915,0.0047244094488189,0,0,0.78328173374613,0.0818897637795276,0,0.140378548895899,1,0.025518341307815,0.0429447852760736,0,0,0.203007518796992,0,0.0465116279069767,0.547581903276131,0.843260188087774,0.0632911392405063,0.696920583468395,0.0141955835962145,0.792207792207792,0.149300155520995,0.0848,0.489457831325301,0.00614439324116743,0.00478468899521531,0.676848874598071,0.778294573643411,0.0142630744849445,0,0.809220985691574,0.37012987012987,0.0289389067524116,0,0.148325358851675,0.78594249201278,0,0.142394822006472,0.0112359550561798,0.768992248062015,0,0.00784929356357928,0.0078125,0,0.759750390015601,0.0201238390092879
"33",0,0.0834670947030498,0,0.0430622009569378,0.0308641975308642,0.892282958199357,0.877165354330709,0.918789808917197,0.00952380952380952,0,0,0.944625407166124,0,0.04375,0.100946372239748,0,0.489859594383775,0,0,0,0,0.5,0.0420032310177706,0.0855365474339036,0.895161290322581,0.526315789473684,0.00323624595469256,0,0.96474358974359,0.00158730158730159,0.507131537242472,0.025518341307815,1,0.988976377952756,0.0379362670713202,0.0416024653312789,0.825077399380805,0.00476190476190476,0,0,0.0979462875197472,0,0,0.894409937888199,0.00328947368421053,0.0359937402190923,0.741573033707865,0,0,0,0,0.00156985871271586,0,0.0791139240506329,0.0434083601286174,0.641914191419142,0,0.00479233226837061,0,0.00163934426229508,0,0.870967741935484,0,0.00638977635782748,0.00157728706624606,0,0,0.0032258064516129,0.0015748031496063,0.186813186813187
"34",0,0.0707692307692308,0,0.0403726708074534,0.0359281437125748,0.880804953560371,0.849462365591398,0.891975308641975,0.00934579439252336,0.0015625,0,0.917721518987342,0,0.0457317073170732,0.136294027565084,0,0.478939157566303,0,0,0,0,0.46875,0.0528,0.108270676691729,0.865116279069767,0.507716049382716,0.00157728706624606,0.00152905198776758,0.979719188767551,0.00155038759689922,0.4884437596302,0.0429447852760736,0.988976377952756,1,0.0366032210834553,0.0403587443946188,0.845921450151057,0.00153374233128834,0,0,0.127692307692308,0,0,0.8678955453149,0.00490998363338789,0.047040971168437,0.724031007751938,0,0,0,0.0015527950310559,0.00307219662058372,0,0.0624048706240487,0.0477657935285054,0.684375,0,0.00307219662058372,0,0.003125,0,0.889937106918239,0,0.00613496932515337,0.00150829562594268,0,0,0.00158227848101266,0.00303490136570561,0.197568389057751
"35",0,0.964125560538117,0,0,0,0.00152671755725191,0.0819672131147541,0.085672082717873,0,0,0,0.0812883435582822,0.52416918429003,0,0,0,0.559701492537313,0,0,0,0,0.562691131498471,0,0,0.0758725341426404,0.535820895522388,0.530959752321981,0,0.00453857791225416,0.575260804769002,0,0,0.0379362670713202,0.0366032210834553,1,1,0,0.608567208271787,0,0,0,0,0,0.0713224368499257,0,0,0.0726172465960666,0,0,0,0,0,0,0.973372781065089,0,0,0,0.751506024096386,0,0,0.563829787234043,0,0,0,0.579025110782866,0,0,0.590214067278288,0,0.0874074074074074
"36",0,0.970903522205207,0,0,0,0.00305343511450382,0.0863636363636364,0.086053412462908,0,0,0,0.0762052877138414,0.529051987767584,0,0,0,0.567073170731707,0,0,0,0,0.570762052877138,0,0,0.0753846153846154,0.541353383458647,0.532182103610675,0,0.00612557427258806,0.561456752655539,0,0,0.0416024653312789,0.0403587443946188,1,1,0,0.604229607250755,0,0,0,0,0,0.0687593423019432,0,0,0.0762195121951219,0,0,0,0,0,0,0.971471471471472,0,0,0,0.75113808801214,0,0,0.551829268292683,0,0,0,0.568421052631579,0,0,0.577639751552795,0,0.0790273556231003
"37",0,0.00305343511450382,0,0.100917431192661,0.172876304023845,0.885321100917431,0.719033232628399,0.729041916167665,0.086890243902439,0.0785824345146379,0,0.747648902821317,0,0.176911544227886,0.294294294294294,0.00611620795107034,0.272727272727273,0,0,0,0,0.274294670846395,0.207936507936508,0.272592592592593,0.75,0.306853582554517,0,0.0832072617246596,0.894009216589862,0,0.618541033434651,0.203007518796992,0.825077399380805,0.845921450151057,0,0,1,0,0.0045045045045045,0.0109204368174727,0.301515151515152,0,0.0325581395348837,0.72700296735905,0.0798722044728434,0.0964391691394659,0.635367762128325,0.00294550810014728,0.00148367952522255,0,0.0248062015503876,0.0713201820940819,0,0.00446428571428571,0.186830015313936,0.811410459587956,0,0,0,0.0702028081123245,0,0.984544049459042,0,0.0814132104454685,0,0,0,0,0.0662650602409639,0.183333333333333
"38",0,0.530232558139535,0,0,0,0.0031496062992126,0.0107692307692308,0.00762195121951219,0,0,0.00303490136570561,0.00641025641025641,0.899053627760252,0,0,0,0.161741835147745,0.00151975683890578,0,0.00317965023847377,0.00151975683890578,0.156299840510367,0,0,0.00632911392405063,0.136085626911315,0.924193548387097,0,0,0.972350230414747,0.00154559505409583,0,0.00476190476190476,0.00153374233128834,0.608567208271787,0.604229607250755,0,1,0,0,0,0,0,0.0062015503875969,0,0,0.00313479623824451,0,0.00605143721633888,0.00631911532385466,0,0,0,0.55045871559633,0,0,0,0.790880503144654,0,0,0.916666666666667,0,0,0,0.973926380368098,0.00609756097560976,0.00156739811912226,0.987361769352291,0,0.224489795918367
"39",0.813374805598756,0,0.770096463022508,0.733542319749216,0.0259938837920489,0.0207336523125997,0.00610687022900763,0,0.653125,0.0172143974960876,0.655639097744361,0.00158730158730159,0.00156985871271586,0.0214395099540582,0.0232198142414861,0.241706161137441,0,0.681047765793529,0.885271317829457,0.664012738853503,0.693251533742331,0,0.0288,0.0151057401812689,0.00469483568075117,0,0.0174050632911392,0.0228658536585366,0,0,0.284375,0.0465116279069767,0,0,0,0,0.0045045045045045,0,1,0.125776397515528,0.0213089802130898,0.776049766718507,0.128367670364501,0.0137825421133231,0.0360065466448445,0.697428139183056,0.0662460567823344,0.267776096822995,0.711890243902439,0.688679245283019,0.0742496050552923,0.0248447204968944,0.7703125,0,0.0218068535825545,0.0032,0.932584269662921,0,0.783359497645212,0.0272435897435897,0.00156985871271586,0.00313479623824451,0.80690737833595,0.0203125,0,0.64797507788162,0.67601246105919,0,0.0245022970903522,0.234472049689441
"40",0.05,0,0.340460526315789,0.0761904761904762,0.675507020280811,0,0,0,0.211446740858506,0.751623376623377,0.0229709035222052,0,0,0.682242990654206,0.5296875,0.966772151898734,0,0.0202808112324493,0.118022328548644,0.0192,0.0215384615384615,0,0.594728171334432,0.562790697674419,0,0,0,0.771739130434783,0,0,0.0522151898734177,0.547581903276131,0,0,0,0,0.0109204368174727,0,0.125776397515528,1,0.528301886792453,0.339774557165862,0.8064,0,0.750814332247557,0.0621212121212121,0,0.854517611026034,0.00153846153846154,0.012779552715655,0.883683360258481,0.78125,0.0619195046439628,0,0.68088467614534,0.0858085808580858,0.109677419354839,0,0.260731319554849,0.768740031897927,0,0.00947867298578199,0.0448717948717949,0.792063492063492,0,0.0236593059936909,0.0201550387596899,0,0.789638932496075,0
"41",0.0046875,0,0.00967741935483871,0.0491283676703645,0.899390243902439,0.14018691588785,0.0413476263399694,0.0660522273425499,0.344186046511628,0.732594936708861,0,0.0457413249211356,0,0.879573170731707,1,0.427001569858713,0,0.0015527950310559,0.00623052959501558,0,0,0,0.934083601286174,0.971471471471472,0.0449612403100775,0,0,0.726299694189602,0.172143974960876,0,0.197204968944099,0.843260188087774,0.0979462875197472,0.127692307692308,0,0,0.301515151515152,0,0.0213089802130898,0.528301886792453,1,0.0158227848101266,0.595911949685535,0.0414746543778802,0.796387520525452,0.0693374422187981,0.0403726708074534,0.40422322775264,0,0,0.572100313479624,0.711213517665131,0.00315457413249211,0,0.875583203732504,0.51993620414673,0.012779552715655,0,0.0267295597484277,0.724960254372019,0,0.259493670886076,0.0015748031496063,0.782472613458529,0,0,0.00154798761609907,0,0.703875968992248,0.021505376344086
"42",0.709627329192547,0,1,0.513513513513513,0.0590062111801242,0,0,0,0.4484375,0.086677367576244,0.579598145285935,0,0,0.0721003134796238,0.0221870047543582,0.456,0,0.572755417956656,0.781055900621118,0.571656050955414,0.59472049689441,0,0.0551948051948052,0.0264797507788162,0,0,0.00322061191626409,0.112852664576803,0,0,0.165354330708661,0.0632911392405063,0,0,0,0,0,0,0.776049766718507,0.339774557165862,0.0158227848101266,1,0.226114649681529,0,0.095,0.471036585365854,0,0.46594427244582,0.486943164362519,0.5776,0.264516129032258,0.111287758346582,0.65015479876161,0,0.0697305863708399,0,0.812091503267974,0,0.853312302839117,0.113452188006483,0,0,0.696,0.0995260663507109,0,0.58213716108453,0.588050314465409,0,0.120443740095087,0.0804416403785489
"43",0.106918238993711,0,0.241721854304636,0.0711974110032362,0.720496894409938,0.00322061191626409,0,0,0.349529780564263,0.882165605095541,0.0425196850393701,0,0,0.699059561128527,0.600946372239748,0.758293838862559,0,0.058641975308642,0.155660377358491,0.0432692307692308,0.0589147286821705,0,0.735632183908046,0.66306027820711,0,0,0,0.88801261829653,0,0,0.0700636942675159,0.696920583468395,0,0,0,0,0.0325581395348837,0,0.128367670364501,0.8064,0.595911949685535,0.226114649681529,1,0,0.793677204658902,0.0875,0,0.805810397553517,0.0263565891472868,0.0369774919614148,0.931089743589744,0.903328050713154,0.0890625,0,0.683954619124797,0.111658456486043,0.150554675118859,0,0.166134185303514,0.911147011308562,0,0.0160771704180064,0.096,0.806138933764136,0,0.0476947535771065,0.0560747663551402,0,0.906976744186046,0.0093167701863354
"44",0,0.12792511700468,0,0.106583072100313,0.00301659125188537,0.890795631825273,0.990683229813665,0.940998487140696,0.0109375,0,0,0.957345971563981,0,0.00306748466257669,0.0459418070444104,0,0.528771384136858,0,0,0,0,0.524409448818898,0.0094488188976378,0.0287443267776097,0.992223950233281,0.546153846153846,0.012779552715655,0,0.837753510140406,0.00309597523219814,0.545454545454545,0.0141955835962145,0.894409937888199,0.8678955453149,0.0713224368499257,0.0687593423019432,0.72700296735905,0.0062015503875969,0.0137825421133231,0,0.0414746543778802,0,0,1,0,0.111111111111111,0.875776397515528,0,0.0243161094224924,0.00625,0,0,0,0.132420091324201,0.00460829493087558,0.528662420382166,0,0.00766871165644172,0.0108864696734059,0,0,0.77602523659306,0,0,0.00151057401812689,0,0,0.00316957210776545,0,0.292758089368259
"45",0.0162337662337662,0,0.0956375838926175,0.0276422764227642,0.911433172302738,0.016366612111293,0.00161550888529887,0.00324149108589951,0.266886326194399,0.925373134328358,0.0145395799676898,0.00166389351081531,0,0.901612903225806,0.794788273615635,0.645056726094003,0,0.0147299509001637,0.0279146141215107,0.0149750415973378,0.0159744408945687,0,0.860544217687075,0.807631160572337,0.00165289256198347,0,0,0.919224555735057,0.0180623973727422,0,0.0574712643678161,0.792207792207792,0.00328947368421053,0.00490998363338789,0,0,0.0798722044728434,0,0.0360065466448445,0.750814332247557,0.796387520525452,0.095,0.793677204658902,0,1,0.0302066772655008,0,0.611635220125786,0.00159235668789809,0.00495867768595041,0.778688524590164,0.914790996784566,0.0241935483870968,0,0.892384105960265,0.279731993299833,0.0318257956448911,0,0.0711920529801325,0.925,0,0.0418760469011725,0.0180623973727422,0.982229402261712,0,0.0162866449511401,0.0129449838187702,0,0.923202614379085,0
"46",0.563552833078101,0,0.443381180223285,0.8712715855573,0.0412213740458015,0.146417445482866,0.106317411402157,0.0672782874617737,0.671274961597542,0.0139751552795031,0.57847533632287,0.0423861852433281,0.0015748031496063,0.0395738203957382,0.0614439324116743,0.15015479876161,0.0046583850931677,0.602698650674663,0.632465543644717,0.592476489028213,0.602373887240356,0,0.0600315955766193,0.0490341753343239,0.0953125,0.00307692307692308,0.0312989045383412,0.0136986301369863,0.043343653250774,0,0.469418960244648,0.149300155520995,0.0359937402190923,0.047040971168437,0,0,0.0964391691394659,0,0.697428139183056,0.0621212121212121,0.0693374422187981,0.471036585365854,0.0875,0.111111111111111,0.0302066772655008,1,0.273010920436817,0.136904761904762,0.666666666666667,0.595576619273302,0.0384615384615385,0.0154559505409583,0.687975646879756,0,0.0404984423676012,0.0796178343949045,0.6609375,0,0.683153013910355,0.0173775671406003,0.00157728706624606,0.0671875,0.564541213063764,0.0184615384615385,0,0.572948328267477,0.606431852986217,0,0.015220700152207,0.426791277258567
