"","V1","V2","V3","V4","V5","V6","V7","V8","V9","V10","V11","V12","V13","V14","V15","V16","V17","V18","V19","V20","V21","V22","V23","V24","V25","V26","V27","V28","V29","V30","V31","V32","V33","V34","V35","V36","V37","V38","V39","V40","V41","V42","V43","V44","V45","V46","V47","V48","V49","V50","V51","V52","V53","V54","V55","V56","V57","V58","V59","V60","V61","V62","V63","V64","V65","V66","V67","V68","V69","V70"
"1",1,0.00777604976671851,1,0.9921875,0.973643410852713,0.778481012658228,0.032258064516129,0.0640243902439024,0.986046511627907,0.966876971608833,0.980213089802131,0.0517799352750809,0.0282574568288854,0.973520249221184,0.976851851851852,0.998439937597504,0.00155763239875389,0.986175115207373,1,0.9808,0.987673343605547,0,0.969255663430421,0.974320241691843,0.0635930047694754,0,0.0245098039215686,0.978361669242658,0.314102564102564,0.0283018867924528,0.9640625,0.97191887675507,0.0685358255451713,0.0856269113149847,0.012012012012012,0.00911854103343465,0.944108761329305,0.0185471406491499,0.998444790046656,0.990625,0.9765625,1,0.988993710691824,0.0561622464898596,0.972402597402597,0.989280245022971,0.0587301587301587,0.989296636085627,0.910606060606061,0.9712,0.989045383411581,0.973520249221184,1,0.0155763239875389,0.974603174603175,0.955810147299509,1,0.0220472440944882,0.998402555910543,0.971383147853736,0.0271565495207668,0.871632329635499,1,0.971608832807571,0.0275229357798165,0.979907264296754,0.98755832037325,0.0206022187004754,0.973724884080371,0.0742496050552923
"2",0.00777604976671851,1,0.00978792822185971,0.00796178343949045,0.0169491525423729,0.185126582278481,0.958333333333333,0.922955974842767,0.00782472613458529,0.0208,0.0324074074074074,0.931707317073171,0.9824,0.015552099533437,0.0154559505409583,0.00625978090766823,0.99211356466877,0.0293663060278207,0.008,0.028892455858748,0.0243161094224924,0.9953125,0.0195121951219512,0.0184899845916795,0.921974522292994,0.993740219092332,0.978998384491115,0.0109546165884194,0.660406885758998,0.982785602503912,0.0200308166409861,0.0172684458398744,0.91653290529695,0.904615384615385,0.995515695067265,0.998468606431853,0.0412213740458015,0.987596899224806,0.00777604976671851,0.00158982511923688,0.0186046511627907,0.00788643533123028,0.00159744408945687,0.934477379095164,0.0181518151815182,0.00764525993883792,0.930817610062893,0.00303490136570561,0.0911854103343465,0.0444444444444444,0.00158478605388273,0.0156985871271586,0.0111111111111111,0.995341614906832,0.015600624024961,0.0352,0.00638977635782748,0.989045383411581,0.009375,0.019047619047619,0.982171799027553,0.101748807631161,0.00806451612903226,0.0188976377952756,0.98,0.0326086956521739,0.0282131661442006,0.985759493670886,0.0158478605388273,0.9328125
"3",1,0.00978792822185971,1,0.988543371522095,0.968304278922345,0.752459016393443,0.0330188679245283,0.0729335494327391,0.980424143556281,0.966183574879227,0.968152866242038,0.057660626029654,0.0309446254071661,0.971473851030111,0.97258064516129,0.998373983739837,0.00163132137030995,0.973015873015873,1,0.971807628524046,0.974603174603175,0,0.966442953020134,0.970172684458399,0.0679933665008292,0,0.0285234899328859,0.977742448330684,0.313725490196078,0.0288,0.959742351046699,0.969105691056911,0.0834697217675941,0.0952380952380952,0.0140405616224649,0.0126582278481013,0.939252336448598,0.0208333333333333,0.998392282958199,0.988486842105263,0.97258064516129,1,0.986754966887417,0.0628019323671498,0.971476510067114,0.985645933014354,0.0618892508143322,0.987616099071207,0.889415481832543,0.950576606260296,0.986842105263158,0.970684039087948,0.995145631067961,0.0176848874598071,0.971947194719472,0.953255425709516,1,0.0210016155088853,0.998360655737705,0.968646864686469,0.0340909090909091,0.858085808580858,1,0.969305331179321,0.0316455696202532,0.967689822294023,0.97427652733119,0.020066889632107,0.9712,0.0796747967479675
"4",0.9921875,0.00796178343949045,0.988543371522095,1,0.972006220839813,0.800319488817891,0.0462962962962963,0.0930232558139535,0.979365079365079,0.967689822294023,0.967889908256881,0.0783034257748776,0.0253968253968254,0.973478939157566,0.974921630094044,0.996805111821086,0.00797448165869218,0.971830985915493,0.991922455573506,0.971107544141252,0.972265023112481,0.0112721417069243,0.967105263157895,0.972179289026275,0.0926517571884984,0.0078740157480315,0.0293159609120521,0.977987421383648,0.326860841423948,0.024,0.970404984423676,0.971337579617834,0.0940988835725678,0.102484472049689,0.0151285930408472,0.0105105105105105,0.944954128440367,0.0202492211838006,0.989028213166144,0.990476190476191,0.973058637083994,0.988871224165342,0.990291262135922,0.0768025078369906,0.973983739837398,0.987441130298273,0.0812101910828025,0.993836671802773,0.906153846153846,0.959807073954984,0.987361769352291,0.974921630094044,0.993620414673046,0.0172684458398744,0.975767366720517,0.957585644371941,0.9904,0.0189274447949527,0.992101105845182,0.971518987341772,0.0241935483870968,0.873990306946688,0.98705501618123,0.9744,0.0233644859813084,0.96984126984127,0.971291866028708,0.0207006369426752,0.976708074534162,0.0824261275272162
"5",0.973643410852713,0.0169491525423729,0.968304278922345,0.972006220839813,1,0.794348508634223,0.0625954198473282,0.10590015128593,0.99388379204893,0.998432601880878,0.932432432432432,0.09375,0.0015527950310559,1,1,0.9796875,0.0257186081694402,0.939024390243902,0.974960876369327,0.939157566302652,0.949852507374631,0.025,1,1,0.104776579352851,0.018348623853211,0.00157728706624606,1,0.360123647604328,0,0.989280245022971,0.998459167950693,0.121913580246914,0.130239520958084,0.00584795321637427,0.00888888888888889,0.970193740685544,0.00152905198776758,0.972477064220184,0.982839313572543,1,0.970496894409938,0.984472049689441,0.0844645550527904,1,0.986259541984733,0.0878787878787879,0.982248520710059,0.857997010463378,0.917829457364341,0.984544049459042,0.998475609756098,0.964396284829721,0.0122324159021407,1,0.983974358974359,0.981308411214953,0.00460829493087558,0.973561430793157,0.998449612403101,0.0015552099533437,0.899053627760252,0.971473851030111,0.998454404945904,0.00151975683890578,0.935975609756098,0.943939393939394,0,1,0.0596330275229358
"6",0.778481012658228,0.185126582278481,0.752459016393443,0.800319488817891,0.794348508634223,1,0.275590551181102,0.313572542901716,0.805687203791469,0.796147672552167,0.727838258164852,0.316476345840131,0.178060413354531,0.811728395061728,0.818466353677621,0.770700636942675,0.213036565977742,0.746543778801843,0.754385964912281,0.736156351791531,0.745341614906832,0.227786752827141,0.824877250409165,0.80952380952381,0.330696202531646,0.217806041335453,0.19672131147541,0.797169811320755,0.594249201277955,0.183835182250396,0.8328125,0.798722044728435,0.339228295819936,0.345201238390093,0.149618320610687,0.161832061068702,0.862385321100917,0.190551181102362,0.783094098883573,0.7776,0.799065420560748,0.773885350318471,0.777777777777778,0.293291731669267,0.792144026186579,0.79595015576324,0.306451612903226,0.782542113323124,0.788018433179724,0.752396166134185,0.761006289308176,0.784810126582278,0.77831715210356,0.189522342064715,0.821939586645469,0.843492586490939,0.785016286644951,0.160883280757098,0.779578606158833,0.792332268370607,0.152350081037277,0.927536231884058,0.768740031897927,0.78740157480315,0.162538699690402,0.741324921135647,0.737007874015748,0.186688311688312,0.792993630573248,0.25
"7",0.032258064516129,0.958333333333333,0.0330188679245283,0.0462962962962963,0.0625954198473282,0.275590551181102,1,0.96793893129771,0.0577223088923557,0.0557324840764331,0.0707831325301205,0.984126984126984,0.936825885978428,0.0571870170015456,0.058641975308642,0.0327613104524181,0.970404984423676,0.0613496932515337,0.0327613104524181,0.0663507109004739,0.0578386605783866,0.982785602503912,0.0654952076677316,0.0691729323308271,0.972222222222222,0.972350230414747,0.945337620578778,0.0527131782945736,0.723338485316847,0.938366718027735,0.0684292379471229,0.0570107858243451,0.960629921259842,0.952380952380952,0.95230998509687,0.948484848484848,0.095166163141994,0.94,0.0366412213740458,0.0447530864197531,0.0581929555895865,0.0328125,0.0410742496050553,0.987577639751553,0.061389337641357,0.0462249614791988,0.984423676012461,0.0405405405405405,0.143721633888048,0.0855365474339036,0.0476923076923077,0.0596330275229358,0.0404354587869362,0.951145038167939,0.0596546310832025,0.0746031746031746,0.0360501567398119,0.942367601246106,0.0310077519379845,0.0551181102362205,0.930379746835443,0.171875,0.0358255451713396,0.0646687697160883,0.933641975308642,0.0768025078369906,0.0607476635514019,0.94488188976378,0.0510835913312693,0.962616822429907
"8",0.0640243902439024,0.922955974842767,0.0729335494327391,0.0930232558139535,0.10590015128593,0.313572542901716,0.96793893129771,1,0.0946564885496183,0.0900473933649289,0.0662650602409639,0.998389694041868,0.894080996884735,0.0984615384615385,0.093167701863354,0.0662460567823344,0.936532507739938,0.0565749235474006,0.0677165354330709,0.0615141955835962,0.0600924499229584,0.95748031496063,0.100486223662885,0.108270676691729,0.996830427892235,0.950540958268934,0.906902086677368,0.0948012232415902,0.763693270735524,0.896284829721362,0.111111111111111,0.0941358024691358,0.993630573248408,0.986111111111111,0.909896602658789,0.908011869436202,0.125748502994012,0.899390243902439,0.0752688172043011,0.0799373040752351,0.102918586789555,0.071875,0.0815047021943574,0.986384266263237,0.0956239870340357,0.0871559633027523,0.982731554160126,0.0773899848254932,0.141337386018237,0.080824088748019,0.0830721003134796,0.0971168437025797,0.0664556962025316,0.924499229583975,0.100787401574803,0.114331723027375,0.0758293838862559,0.906396255850234,0.0649762282091918,0.0946372239747634,0.883280757097792,0.20919175911252,0.0639625585023401,0.103610675039246,0.890965732087227,0.0653188180404355,0.0605590062111801,0.897637795275591,0.0909090909090909,0.947286821705426
"9",0.986046511627907,0.00782472613458529,0.980424143556281,0.979365079365079,0.99388379204893,0.805687203791469,0.0577223088923557,0.0946564885496183,1,0.99203821656051,0.95398773006135,0.0834670947030498,0.0110759493670886,0.992331288343558,0.992223950233281,0.98740157480315,0.0159489633173844,0.958461538461538,0.988835725677831,0.95447409733124,0.961656441717791,0.0160771704180064,0.993569131832797,0.992412746585736,0.0936507936507937,0.0155038759689922,0.0111464968152866,0.995341614906832,0.359497645211931,0.00788643533123028,0.9859375,0.99375,0.107936507936508,0.116822429906542,0.0029940119760479,0.0029940119760479,0.963414634146341,0.00460829493087558,0.984375,0.988871224165342,0.993798449612403,0.9828125,0.992163009404389,0.084375,0.99341021416804,0.990783410138249,0.0859872611464968,0.987878787878788,0.885022692889561,0.937007874015748,0.992076069730586,0.995348837209302,0.976377952755906,0.00612557427258806,0.992150706436421,0.977011494252874,0.99198717948718,0.00940438871473354,0.984126984126984,0.992063492063492,0.00794912559618442,0.8912,0.987301587301587,0.992125984251969,0.0077639751552795,0.956589147286822,0.959876543209877,0.00783699059561128,0.995297805642633,0.0695102685624013
"10",0.966876971608833,0.0208,0.966183574879227,0.967689822294023,0.998432601880878,0.796147672552167,0.0557324840764331,0.0900473933649289,0.99203821656051,1,0.936532507739938,0.0818330605564648,0.00314465408805031,0.998432601880878,0.998427672955975,0.9792,0.028892455858748,0.942006269592476,0.972624798711755,0.942622950819672,0.952755905511811,0.0305466237942122,1,0.998454404945904,0.0897435897435897,0.0238473767885533,0.00327332242225859,1,0.346774193548387,0.00157728706624606,0.98740157480315,1,0.106518282988871,0.115625,0.00459418070444104,0.00910470409711684,0.972265023112481,0,0.968701095461659,0.982142857142857,0.998417721518987,0.966292134831461,0.980891719745223,0.0740157480314961,1,0.986024844720497,0.0749185667752443,0.981735159817352,0.85062893081761,0.91747572815534,0.983870967741935,1,0.967084639498433,0.0125195618153365,0.998402555910543,0.983471074380165,0.975767366720517,0.00317965023847377,0.97092084006462,1,0.00323624595469256,0.906300484652666,0.9696,1,0.00311526479750779,0.938095238095238,0.947784810126582,0,1,0.0442338072669826
"11",0.980213089802131,0.0324074074074074,0.968152866242038,0.967889908256881,0.932432432432432,0.727838258164852,0.0707831325301205,0.0662650602409639,0.95398773006135,0.936532507739938,1,0.0609375,0.0666666666666667,0.936555891238671,0.943511450381679,0.971036585365854,0.0278207109737249,0.995475113122172,0.965151515151515,1,0.993920972644377,0.0156985871271586,0.936204146730462,0.93620178041543,0.0735068912710567,0.0152671755725191,0.0595611285266458,0.940298507462687,0.278382581648523,0.060882800608828,0.936825885978428,0.935483870967742,0.062015503875969,0.076103500761035,0.0444444444444444,0.037202380952381,0.906389301634473,0.0500758725341426,0.965413533834587,0.957120980091884,0.942336874051593,0.969088098918083,0.959055118110236,0.0800604229607251,0.94345718901454,0.956651718983557,0.0835913312693498,0.962630792227205,0.937869822485207,0.9859375,0.955725190839695,0.939117199391172,0.984732824427481,0.0440060698027314,0.939721792890263,0.917591125198098,0.971563981042654,0.0476923076923077,0.968798751950078,0.939252336448598,0.0684292379471229,0.825,0.976635514018692,0.938461538461538,0.0629685157421289,1,0.995391705069124,0.0559006211180124,0.94081942336874,0.115740740740741
"12",0.0517799352750809,0.931707317073171,0.057660626029654,0.0783034257748776,0.09375,0.316476345840131,0.984126984126984,0.998389694041868,0.0834670947030498,0.0818330605564648,0.0609375,1,0.903381642512077,0.0913461538461538,0.0833333333333333,0.0554649265905383,0.950636942675159,0.0488188976377953,0.054140127388535,0.0551053484602917,0.0500782472613459,0.965630114566285,0.0871710526315789,0.0989010989010989,1,0.954041204437401,0.920792079207921,0.0852090032154341,0.783653846153846,0.905296950240771,0.0998389694041868,0.0868167202572347,0.993485342019544,0.990506329113924,0.917177914110429,0.917573872472784,0.123824451410658,0.911858974358974,0.0619047619047619,0.0728155339805825,0.0899053627760252,0.0586319218241042,0.0676328502415459,0.992101105845182,0.0881863560732113,0.0722135007849294,0.990369181380417,0.0700152207001522,0.1296875,0.0762987012987013,0.0713128038897893,0.086677367576244,0.0594855305466238,0.924764890282132,0.0893141945773525,0.112956810631229,0.0609555189456343,0.915335463258786,0.05,0.0814332247557003,0.890909090909091,0.204918032786885,0.0516962843295638,0.0930979133226324,0.902555910543131,0.0606060606060606,0.0561797752808989,0.909677419354839,0.0782747603833866,0.954911433172303
"13",0.0282574568288854,0.9824,0.0309446254071661,0.0253968253968254,0.0015527950310559,0.178060413354531,0.936825885978428,0.894080996884735,0.0110759493670886,0.00314465408805031,0.0666666666666667,0.903381642512077,1,0.0015552099533437,0.00155763239875389,0.0204081632653061,0.973354231974922,0.058641975308642,0.0256,0.0581583198707593,0.0485133020344288,0.975450081833061,0.00164744645799012,0.00153609831029186,0.893312101910828,0.97933227344992,1,0,0.611464968152866,1,0.00631911532385466,0.00314465408805031,0.880573248407643,0.870170015455951,0.993957703927492,0.995412844036697,0.0138036809815951,0.998422712933754,0.0282574568288854,0.0143312101910828,0.0015527950310559,0.0302066772655008,0.0174050632911392,0.911353032659409,0.00162074554294976,0.015748031496063,0.909810126582278,0.0152439024390244,0.147692307692308,0.0845295055821372,0.0191693290734824,0.0031496062992126,0.0333333333333333,0.987711213517665,0,0.00484652665589661,0.0195121951219512,0.996884735202492,0.0253164556962025,0.00159235668789809,1,0.0745542949756888,0.0290791599353796,0.00318471337579618,1,0.061128526645768,0.0564263322884013,1,0.00154798761609907,0.945686900958466
"14",0.973520249221184,0.015552099533437,0.971473851030111,0.973478939157566,1,0.811728395061728,0.0571870170015456,0.0984615384615385,0.992331288343558,0.998432601880878,0.936555891238671,0.0913461538461538,0.0015552099533437,1,1,0.981395348837209,0.0260736196319018,0.941529235382309,0.976744186046512,0.941455696202532,0.95475113122172,0.0221870047543582,1,1,0.101246105919003,0.0201238390092879,0.00158227848101266,1,0.363636363636364,0,0.993798449612403,0.998454404945904,0.1125,0.120426829268293,0.00441176470588235,0.00449101796407186,0.976011994002999,0.00151745068285281,0.972434915773354,0.984423676012461,1,0.971786833855799,0.982758620689655,0.0797546012269939,1,0.984779299847793,0.0830721003134796,0.986486486486487,0.85972850678733,0.922834645669291,0.984301412872841,0.998461538461539,0.968847352024922,0.00920245398773006,1,0.987301587301587,0.977812995245642,0.00154559505409583,0.97360248447205,0.998430141287284,0.00154559505409583,0.912974683544304,0.971875,0.998454404945904,0.00153846153846154,0.937116564417178,0.945226917057903,0,1,0.0521472392638037
"15",0.976851851851852,0.0154559505409583,0.97258064516129,0.974921630094044,1,0.818466353677621,0.058641975308642,0.093167701863354,0.992223950233281,0.998427672955975,0.943511450381679,0.0833333333333333,0.00155763239875389,1,1,0.978361669242658,0.025,0.951070336391437,0.974882260596546,0.949367088607595,0.961715160796325,0.0224358974358974,1,1,0.093603744149766,0.0198170731707317,0.0016,1,0.381102362204724,0,0.992236024844721,0.998452012383901,0.105678233438486,0.116385911179173,0.00449775112443778,0.00606980273141123,0.975975975975976,0.0015552099533437,0.975232198142415,0.9859375,1,0.973058637083994,0.985804416403785,0.0781010719754977,1,0.989247311827957,0.0847723704866562,0.984984984984985,0.871559633027523,0.934169278996865,0.984326018808777,0.998447204968944,0.970496894409938,0.00921658986175115,1,0.987117552334944,0.982704402515723,0.00463678516228748,0.976452119309262,0.998432601880878,0.00158982511923688,0.905362776025237,0.974921630094044,0.998430141287284,0.00153609831029186,0.950540958268934,0.950155763239875,0,1,0.0577223088923557
"16",0.998439937597504,0.00625978090766823,0.998373983739837,0.996805111821086,0.9796875,0.770700636942675,0.0327613104524181,0.0662460567823344,0.98740157480315,0.9792,0.971036585365854,0.0554649265905383,0.0204081632653061,0.981395348837209,0.978361669242658,1,0.00157232704402516,0.976851851851852,1,0.972972972972973,0.976816074188563,0.00157728706624606,0.97708674304419,0.983076923076923,0.060126582278481,0.0015552099533437,0.0225806451612903,0.984301412872841,0.3,0.0203442879499218,0.973101265822785,0.982704402515723,0.0727848101265823,0.0815384615384615,0.00900900900900901,0.00463678516228748,0.94954128440367,0.0139968895800933,1,0.998417721518987,0.982731554160126,0.9984,0.995260663507109,0.0539291217257319,0.980551053484603,0.995356037151703,0.05229793977813,0.996974281391831,0.893682588597843,0.955625990491284,0.996794871794872,0.981072555205047,0.995260663507109,0.009375,0.9826224328594,0.962662337662338,1,0.0158227848101266,1,0.981012658227848,0.0178571428571429,0.870192307692308,0.998405103668262,0.98256735340729,0.0204081632653061,0.96998420221169,0.978294573643411,0.012779552715655,0.984276729559748,0.0592823712948518
"17",0.00155763239875389,0.99211356466877,0.00163132137030995,0.00797448165869218,0.0257186081694402,0.213036565977742,0.970404984423676,0.936532507739938,0.0159489633173844,0.028892455858748,0.0278207109737249,0.950636942675159,0.973354231974922,0.0260736196319018,0.025,0.00157232704402516,1,0.0201238390092879,0.00157977883096367,0.022508038585209,0.0197568389057751,1,0.0290791599353796,0.0244648318042813,0.942675159235669,1,0.975806451612903,0.0203442879499218,0.694753577106518,0.973312401883831,0.0330188679245283,0.0247295208655332,0.939157566302652,0.921996879875195,0.988059701492537,0.989329268292683,0.053030303030303,0.979782270606532,0.00315955766192733,0.00943396226415094,0.0221169036334913,0.00160771704180064,0.0126182965299685,0.953343701399689,0.0245499181669394,0.0139751552795031,0.950871632329635,0.010590015128593,0.0895295902883156,0.0396196513470681,0.0111287758346582,0.0219435736677116,0.00473186119873817,0.982758620689655,0.0222575516693164,0.0438311688311688,0.00160513643659711,0.982758620689655,0.00316455696202532,0.0252365930599369,0.973143759873618,0.1184,0.00316957210776545,0.0251177394034537,0.972265023112481,0.0282574568288854,0.0200308166409861,0.983870967741935,0.0230769230769231,0.936608557844691
"18",0.986175115207373,0.0293663060278207,0.973015873015873,0.971830985915493,0.939024390243902,0.746543778801843,0.0613496932515337,0.0565749235474006,0.958461538461538,0.942006269592476,0.995475113122172,0.0488188976377953,0.058641975308642,0.941529235382309,0.951070336391437,0.976851851851852,0.0201238390092879,1,0.97196261682243,0.99537037037037,1,0.0125195618153365,0.939873417721519,0.943536404160475,0.065625,0.0138248847926267,0.0515625,0.946727549467275,0.286614173228346,0.0568356374807988,0.938366718027735,0.9421875,0.0495356037151703,0.0656488549618321,0.04099560761347,0.0342261904761905,0.912650602409639,0.047112462006079,0.970724191063174,0.96411856474259,0.947204968944099,0.973684210526316,0.964506172839506,0.0659509202453988,0.945990180032733,0.961019490254873,0.0704225352112676,0.967164179104478,0.933734939759036,0.985959438377535,0.964341085271318,0.944530046224962,0.987767584097859,0.0409090909090909,0.944186046511628,0.9264,0.978021978021978,0.0482115085536547,0.976887519260401,0.941915227629513,0.0644654088050314,0.841269841269841,0.981395348837209,0.942812982998454,0.0583832335329341,0.995391705069124,1,0.0518053375196232,0.947209653092006,0.0996932515337423
"19",1,0.008,1,0.991922455573506,0.974960876369327,0.754385964912281,0.0327613104524181,0.0677165354330709,0.988835725677831,0.972624798711755,0.965151515151515,0.054140127388535,0.0256,0.976744186046512,0.974882260596546,1,0.00157977883096367,0.97196261682243,1,0.966183574879227,0.973270440251572,0,0.973727422003284,0.976708074534162,0.0609375,0,0.0277324632952692,0.978294573643411,0.282091917591125,0.0250391236306729,0.968652037617555,0.976452119309262,0.0760697305863708,0.0830815709969789,0.0105421686746988,0.0062015503875969,0.944954128440367,0.0188087774294671,1,0.995215311004785,0.978193146417445,1,0.993710691823899,0.0580847723704867,0.977011494252874,0.992343032159265,0.0527156549520767,0.993874425727412,0.884969325153374,0.948387096774194,0.993730407523511,0.978227060653188,0.9921875,0.0107858243451464,0.977707006369427,0.959016393442623,1,0.0188679245283019,1,0.975609756097561,0.0241157556270096,0.861022364217252,0.998394863563403,0.976377952755906,0.0248833592534992,0.963949843260188,0.973101265822785,0.0209003215434084,0.979782270606532,0.0639625585023401
"20",0.9808,0.028892455858748,0.971807628524046,0.971107544141252,0.939157566302652,0.736156351791531,0.0663507109004739,0.0615141955835962,0.95447409733124,0.942622950819672,1,0.0551053484602917,0.0581583198707593,0.941455696202532,0.949367088607595,0.972972972972973,0.022508038585209,0.99537037037037,0.966183574879227,1,0.993710691823899,0.0146341463414634,0.943521594684385,0.945226917057903,0.0673076923076923,0.015600624024961,0.0513245033112583,0.948717948717949,0.283653846153846,0.0540540540540541,0.93968253968254,0.944707740916272,0.0567260940032415,0.0691823899371069,0.0451807228915663,0.0376766091051805,0.913446676970634,0.0476947535771065,0.964968152866242,0.9616,0.945425361155698,0.971337579617834,0.961538461538462,0.0772870662460568,0.950083194675541,0.962382445141066,0.0832,0.967340590979782,0.935483870967742,0.985342019543974,0.959415584415584,0.942006269592476,0.985553772070626,0.0427892234548336,0.946166394779772,0.925445705024311,0.972176759410802,0.041335453100159,0.974723538704581,0.945901639344262,0.0641447368421053,0.829545454545455,0.975806451612903,0.944805194805195,0.0571428571428571,1,0.995268138801262,0.0453074433656958,0.948275862068966,0.107594936708861
"21",0.987673343605547,0.0243161094224924,0.974603174603175,0.972265023112481,0.949852507374631,0.745341614906832,0.0578386605783866,0.0600924499229584,0.961656441717791,0.952755905511811,0.993920972644377,0.0500782472613459,0.0485133020344288,0.95475113122172,0.961715160796325,0.976816074188563,0.0197568389057751,1,0.973270440251572,0.993710691823899,1,0.0125588697017268,0.950793650793651,0.95067264573991,0.0633693972179289,0.0122324159021407,0.0425867507886435,0.954614220877458,0.28816199376947,0.0462249614791988,0.948837209302326,0.950920245398773,0.0561622464898596,0.0680786686838124,0.0338235294117647,0.029673590504451,0.922503725782414,0.0379939209726444,0.97239263803681,0.967692307692308,0.95852534562212,0.975155279503106,0.970542635658915,0.06797583081571,0.955271565495208,0.964391691394659,0.0743034055727554,0.971851851851852,0.925925925925926,0.976816074188563,0.968944099378882,0.954198473282443,0.987748851454824,0.0334855403348554,0.94969512195122,0.936204146730462,0.979813664596273,0.0367534456355283,0.978658536585366,0.948678071539658,0.0530421216848674,0.85179407176287,0.981308411214953,0.949386503067485,0.0519877675840979,0.993993993993994,1,0.043343653250774,0.95405819295559,0.0958904109589041
"22",0,0.9953125,0,0.0112721417069243,0.025,0.227786752827141,0.982785602503912,0.95748031496063,0.0160771704180064,0.0305466237942122,0.0156985871271586,0.965630114566285,0.975450081833061,0.0221870047543582,0.0224358974358974,0.00157728706624606,1,0.0125195618153365,0,0.0146341463414634,0.0125588697017268,1,0.0294599018003273,0.0248833592534992,0.952922077922078,1,0.9776,0.0173775671406003,0.69983948635634,0.976190476190476,0.0287539936102236,0.0256410256410256,0.94336569579288,0.9359375,0.990825688073395,0.992223950233281,0.0517241379310345,0.982456140350877,0.00158730158730159,0.00645161290322581,0.0205371248025276,0,0.00805152979066022,0.963779527559055,0.0284280936454849,0.0110584518167457,0.956730769230769,0.0061633281972265,0.0775193798449612,0.0307941653160454,0.00810372771474878,0.0235849056603774,0.00474683544303797,0.987421383647799,0.0226171243941842,0.0378289473684211,0,0.982484076433121,0.00161812297734628,0.0276422764227642,0.975328947368421,0.12987012987013,0,0.0255591054313099,0.973228346456693,0.0143312101910828,0.0111464968152866,0.980582524271845,0.0236220472440945,0.937699680511182
"23",0.969255663430421,0.0195121951219512,0.966442953020134,0.967105263157895,1,0.824877250409165,0.0654952076677316,0.100486223662885,0.993569131832797,1,0.936204146730462,0.0871710526315789,0.00164744645799012,1,1,0.97708674304419,0.0290791599353796,0.939873417721519,0.973727422003284,0.943521594684385,0.950793650793651,0.0294599018003273,1,1,0.0942148760330579,0.025518341307815,0.00164203612479475,1,0.366336633663366,0,0.991961414790997,1,0.113085621970921,0.12,0.00463678516228748,0.00784929356357928,0.976190476190476,0,0.9696,0.981878088962109,1,0.967532467532468,0.980295566502463,0.0803149606299213,1,0.985781990521327,0.085667215815486,0.981191222570533,0.863123993558776,0.927066450567261,0.983552631578947,1,0.964686998394864,0.0110236220472441,1,0.988235294117647,0.977124183006536,0.00316957210776545,0.970731707317073,1,0.00163934426229508,0.912685337726524,0.968646864686469,1,0.00158730158730159,0.940032414910859,0.942583732057416,0,1,0.0516129032258065
"24",0.974320241691843,0.0184899845916795,0.970172684458399,0.972179289026275,1,0.80952380952381,0.0691729323308271,0.108270676691729,0.992412746585736,0.998454404945904,0.93620178041543,0.0989010989010989,0.00153609831029186,1,1,0.983076923076923,0.0244648318042813,0.943536404160475,0.976708074534162,0.945226917057903,0.95067264573991,0.0248833592534992,1,1,0.109204368174727,0.0181268882175227,0.0015552099533437,1,0.383307573415765,0,0.990825688073395,0.998480243161094,0.121306376360809,0.133834586466165,0.0058055152394775,0.00891530460624071,0.979259259259259,0.0015220700152207,0.971299093655589,0.982945736434109,1,0.970404984423676,0.984544049459042,0.0907715582450832,1,0.985141158989599,0.0950920245398773,0.983679525222552,0.860778443113772,0.917829457364341,0.986217457886677,0.998475609756098,0.964451313755796,0.012012012012012,1,0.990506329113924,0.978021978021978,0.00458715596330275,0.97542242703533,0.998456790123457,0.00155038759689922,0.909516380655226,0.969183359013868,0.998489425981873,0.00149925037481259,0.939485627836611,0.948328267477204,0,1,0.0622154779969651
"25",0.0635930047694754,0.921974522292994,0.0679933665008292,0.0926517571884984,0.104776579352851,0.330696202531646,0.972222222222222,0.996830427892235,0.0936507936507937,0.0897435897435897,0.0735068912710567,1,0.893312101910828,0.101246105919003,0.093603744149766,0.060126582278481,0.942675159235669,0.065625,0.0609375,0.0673076923076923,0.0633693972179289,0.952922077922078,0.0942148760330579,0.109204368174727,1,0.946624803767661,0.908943089430894,0.0942812982998454,0.784469096671949,0.900473933649289,0.111635220125786,0.094488188976378,0.987096774193548,0.984496124031008,0.911987860394537,0.909230769230769,0.13125,0.903481012658228,0.0719874804381847,0.0810810810810811,0.0976744186046512,0.064873417721519,0.0772946859903382,0.995334370139969,0.0975206611570248,0.084375,0.993690851735016,0.0715372907153729,0.164319248826291,0.0893141945773525,0.0805687203791469,0.089922480620155,0.0620031796502385,0.923913043478261,0.0966183574879227,0.116584564860427,0.066884176182708,0.905511811023622,0.0662460567823344,0.0894568690095847,0.886731391585761,0.2224,0.0592,0.1008,0.893481717011129,0.0714285714285714,0.0658307210031348,0.902912621359223,0.089622641509434,0.950949367088608
"26",0,0.993740219092332,0,0.0078740157480315,0.018348623853211,0.217806041335453,0.972350230414747,0.950540958268934,0.0155038759689922,0.0238473767885533,0.0152671755725191,0.954041204437401,0.97933227344992,0.0201238390092879,0.0198170731707317,0.0015552099533437,1,0.0138248847926267,0,0.015600624024961,0.0122324159021407,1,0.025518341307815,0.0181268882175227,0.946624803767661,1,0.982484076433121,0.0138248847926267,0.706896551724138,0.97984496124031,0.0276073619631902,0.0188976377952756,0.944178628389155,0.932098765432099,0.98955223880597,0.990977443609023,0.0482866043613707,0.983180428134557,0.00153374233128834,0.00786163522012579,0.0172413793103448,0,0.0111464968152866,0.956923076923077,0.0240770465489567,0.0107692307692308,0.956112852664577,0.00906344410876133,0.0844645550527904,0.0297805642633229,0.00941915227629513,0.0230061349693252,0.0046801872074883,0.984472049689441,0.0204081632653061,0.035426731078905,0,0.98297213622291,0.0015625,0.0221169036334913,0.977707006369427,0.121212121212121,0,0.021875,0.978494623655914,0.0170807453416149,0.0138461538461538,0.987281399046105,0.0199386503067485,0.942277691107644
"27",0.0245098039215686,0.978998384491115,0.0285234899328859,0.0293159609120521,0.00157728706624606,0.19672131147541,0.945337620578778,0.906902086677368,0.0111464968152866,0.00327332242225859,0.0595611285266458,0.920792079207921,1,0.00158227848101266,0.0016,0.0225806451612903,0.975806451612903,0.0515625,0.0277324632952692,0.0513245033112583,0.0425867507886435,0.9776,0.00164203612479475,0.0015552099533437,0.908943089430894,0.982484076433121,1,0,0.640650406504065,1,0.0128205128205128,0.00318979266347687,0.894822006472492,0.886435331230284,0.992260061919505,0.992150706436421,0.028125,0.998387096774194,0.0268987341772152,0.0179153094462541,0.00160771704180064,0.0273752012882448,0.0192616372391653,0.920127795527157,0.00168350168350168,0.0156494522691706,0.920711974110032,0.0173228346456693,0.144654088050314,0.0777957860615883,0.0211038961038961,0.00321543408360129,0.032051282051282,0.984076433121019,0,0.0130293159609121,0.0164473684210526,0.99510603588907,0.0246710526315789,0.00163132137030995,1,0.0924092409240924,0.0248344370860927,0.00321027287319422,1,0.056,0.048,1,0.00158478605388273,0.952922077922078
"28",0.978361669242658,0.0109546165884194,0.977742448330684,0.977987421383648,1,0.797169811320755,0.0527131782945736,0.0948012232415902,0.995341614906832,1,0.940298507462687,0.0852090032154341,0,1,1,0.984301412872841,0.0203442879499218,0.946727549467275,0.978294573643411,0.948717948717949,0.954614220877458,0.0173775671406003,1,1,0.0942812982998454,0.0138248847926267,0,1,0.351851851851852,0,0.990769230769231,1,0.106180665610143,0.114678899082569,0.0029673590504451,0.00599700149925037,0.975794251134644,0,0.980182926829268,0.989130434782609,1,0.979623824451411,0.987381703470032,0.0758725341426404,1,0.990867579908676,0.0746031746031746,0.984939759036145,0.859969558599696,0.924764890282132,0.989045383411581,1,0.97360248447205,0.00617283950617284,1,0.988871224165342,0.987460815047022,0.00154559505409583,0.981042654028436,1,0,0.905750798722045,0.977917981072555,1,0,0.940548780487805,0.949308755760369,0,1,0.0500782472613459
"29",0.314102564102564,0.660406885758998,0.313725490196078,0.326860841423948,0.360123647604328,0.594249201277955,0.723338485316847,0.763693270735524,0.359497645211931,0.346774193548387,0.278382581648523,0.783653846153846,0.611464968152866,0.363636363636364,0.381102362204724,0.3,0.694753577106518,0.286614173228346,0.282091917591125,0.283653846153846,0.28816199376947,0.69983948635634,0.366336633663366,0.383307573415765,0.784469096671949,0.706896551724138,0.640650406504065,0.351851851851852,1,0.618897637795276,0.369085173501577,0.362204724409449,0.822115384615385,0.825273010920437,0.635400907715582,0.638591117917305,0.41321044546851,0.634796238244514,0.3234375,0.325914149443561,0.37245696400626,0.315024232633279,0.306946688206785,0.75195007800312,0.35303776683087,0.334365325077399,0.746006389776358,0.320121951219512,0.3421875,0.288244766505636,0.328571428571429,0.336477987421384,0.303858520900322,0.63265306122449,0.356913183279743,0.414634146341463,0.324675324675325,0.653543307086614,0.308681672025723,0.360446570972887,0.588709677419355,0.504065040650406,0.323763955342903,0.374800637958533,0.602218700475436,0.302839116719243,0.284126984126984,0.618819776714514,0.342857142857143,0.72397476340694
"30",0.0283018867924528,0.982785602503912,0.0288,0.024,0,0.183835182250396,0.938366718027735,0.896284829721362,0.00788643533123028,0.00157728706624606,0.060882800608828,0.905296950240771,1,0,0,0.0203442879499218,0.973312401883831,0.0568356374807988,0.0250391236306729,0.0540540540540541,0.0462249614791988,0.976190476190476,0,0,0.900473933649289,0.97984496124031,1,0,0.618897637795276,1,0.00933125972006221,0.00157728706624606,0.879365079365079,0.869767441860465,0.994038748137109,0.992412746585736,0.0212121212121212,0.998463901689708,0.0264385692068429,0.0172684458398744,0,0.0287539936102236,0.01743264659271,0.910216718266254,0,0.0137614678899083,0.909233176838811,0.015015015015015,0.135258358662614,0.078125,0.014218009478673,0.00154083204930663,0.0327102803738318,0.989214175654854,0,0.0112179487179487,0.0207006369426752,0.996860282574568,0.024,0.00158982511923688,1,0.0881889763779528,0.0301109350237718,0.00157728706624606,1,0.0591805766312595,0.0512422360248447,1,0,0.944099378881988
"31",0.9640625,0.0200308166409861,0.959742351046699,0.970404984423676,0.989280245022971,0.8328125,0.0684292379471229,0.111111111111111,0.9859375,0.98740157480315,0.936825885978428,0.0998389694041868,0.00631911532385466,0.993798449612403,0.992236024844721,0.973101265822785,0.0330188679245283,0.938366718027735,0.968652037617555,0.93968253968254,0.948837209302326,0.0287539936102236,0.991961414790997,0.990825688073395,0.111635220125786,0.0276073619631902,0.0128205128205128,0.990769230769231,0.369085173501577,0.00933125972006221,1,0.988958990536278,0.123613312202853,0.13251155624037,0.00900900900900901,0.00910470409711684,0.981762917933131,0.00618238021638331,0.9640625,0.973101265822785,0.992236024844721,0.963779527559055,0.976114649681529,0.0909090909090909,0.988505747126437,0.978593272171254,0.0936507936507937,0.977272727272727,0.875766871165644,0.931089743589744,0.974842767295597,0.987538940809969,0.960753532182104,0.0184899845916795,0.995275590551181,0.987117552334944,0.968,0.0108695652173913,0.969936708860759,0.990430622009569,0.0063391442155309,0.906050955414013,0.963375796178344,0.987421383647799,0.0106544901065449,0.938650306748466,0.940717628705148,0.00483091787439614,0.989164086687306,0.0649149922720247
"32",0.97191887675507,0.0172684458398744,0.969105691056911,0.971337579617834,0.998459167950693,0.798722044728435,0.0570107858243451,0.0941358024691358,0.99375,1,0.935483870967742,0.0868167202572347,0.00314465408805031,0.998454404945904,0.998452012383901,0.982704402515723,0.0247295208655332,0.9421875,0.976452119309262,0.944707740916272,0.950920245398773,0.0256410256410256,1,0.998480243161094,0.094488188976378,0.0188976377952756,0.00318979266347687,1,0.362204724409449,0.00157728706624606,0.988958990536278,1,0.108452950558214,0.115030674846626,0.00449101796407186,0.00916030534351145,0.971428571428571,0,0.973643410852713,0.985959438377535,0.998432601880878,0.971518987341772,0.983792544570502,0.0772870662460568,1,0.989113530326594,0.0816,0.984939759036145,0.854070660522273,0.920255183413078,0.985530546623794,1,0.966719492868463,0.0124223602484472,0.998410174880763,0.98538961038961,0.980707395498392,0.0031496062992126,0.974481658692185,1,0.00317965023847377,0.90453074433657,0.972712680577849,1,0.0031104199066874,0.938775510204082,0.946875,0,1,0.0495356037151703
"33",0.0685358255451713,0.91653290529695,0.0834697217675941,0.0940988835725678,0.121913580246914,0.339228295819936,0.960629921259842,0.993630573248408,0.107936507936508,0.106518282988871,0.062015503875969,0.993485342019544,0.880573248407643,0.1125,0.105678233438486,0.0727848101265823,0.939157566302652,0.0495356037151703,0.0760697305863708,0.0567260940032415,0.0561622464898596,0.94336569579288,0.113085621970921,0.121306376360809,0.987096774193548,0.944178628389155,0.894822006472492,0.106180665610143,0.822115384615385,0.879365079365079,0.123613312202853,0.108452950558214,1,1,0.895295902883156,0.898305084745763,0.147058823529412,0.89047619047619,0.0818897637795276,0.0909090909090909,0.118483412322275,0.0790322580645161,0.0866141732283465,0.976708074534162,0.105263157894737,0.0938967136150235,0.97752808988764,0.0829493087557604,0.134796238244514,0.0791599353796446,0.0951612903225806,0.108320251177394,0.0669856459330144,0.903481012658228,0.110932475884244,0.132013201320132,0.076555023923445,0.894568690095847,0.0676328502415459,0.111475409836066,0.869774919614148,0.233870967741935,0.0722495894909688,0.113418530351438,0.876971608832808,0.0616113744075829,0.0559875583203732,0.888709677419355,0.0992125984251968,0.934065934065934
"34",0.0856269113149847,0.904615384615385,0.0952380952380952,0.102484472049689,0.130239520958084,0.345201238390093,0.952380952380952,0.986111111111111,0.116822429906542,0.115625,0.076103500761035,0.990506329113924,0.870170015455951,0.120426829268293,0.116385911179173,0.0815384615384615,0.921996879875195,0.0656488549618321,0.0830815709969789,0.0691823899371069,0.0680786686838124,0.9359375,0.12,0.133834586466165,0.984496124031008,0.932098765432099,0.886435331230284,0.114678899082569,0.825273010920437,0.869767441860465,0.13251155624037,0.115030674846626,1,1,0.888726207906296,0.886397608370703,0.152567975830816,0.881901840490798,0.0950920245398773,0.0979782270606532,0.126153846153846,0.0925925925925926,0.0921875,0.970814132104455,0.117839607201309,0.104704097116844,0.968992248062015,0.0914542728635682,0.154887218045113,0.0879120879120879,0.102484472049689,0.118279569892473,0.075968992248062,0.901065449010654,0.121725731895223,0.1390625,0.0943396226415094,0.889400921658986,0.0808709175738725,0.1125,0.858712715855573,0.243710691823899,0.0849056603773585,0.124233128834356,0.867269984917044,0.0724191063174114,0.071097372488408,0.875,0.106221547799697,0.930091185410334
