"","V1","V2","V3","V4","V5","V6","V7","V8","V9","V10","V11","V12","V13","V14","V15","V16","V17","V18","V19","V20","V21","V22","V23","V24","V25","V26","V27","V28","V29","V30","V31","V32","V33","V34","V35","V36","V37","V38","V39","V40","V41","V42","V43","V44","V45","V46","V47","V48","V49","V50","V51","V52","V53","V54","V55","V56","V57","V58","V59","V60","V61","V62","V63","V64","V65","V66","V67","V68","V69","V70"
"1",1,0,0.929392446633826,0.9,0.322480620155039,0.0474683544303797,0.00921658986175115,0.0121951219512195,0.787596899224806,0.522082018927445,0.875190258751903,0.0145631067961165,0.171114599686028,0.319314641744548,0.265432098765432,0.806552262090484,0,0.906298003072197,0.918622848200313,0.8672,0.902927580893683,0,0.370550161812298,0.282477341389728,0.0158982511923688,0,0.0996732026143791,0.528593508500773,0.00961538461538462,0.089622641509434,0.35625,0.443057722308892,0.00778816199376947,0.0137614678899083,0,0,0.0770392749244713,0.00154559505409583,0.926905132192846,0.7015625,0.2734375,0.919254658385093,0.767295597484277,0.015600624024961,0.493506493506494,0.871362940275651,0.0126984126984127,0.793577981651376,0.865151515151515,0.8736,0.676056338028169,0.512461059190031,0.965891472868217,0,0.292063492063492,0.0687397708674304,0.939778129952456,0.0125984251968504,0.924920127795527,0.51033386327504,0.129392971246006,0.0364500792393027,0.985759493670886,0.473186119873817,0.0963302752293578,0.874806800618238,0.902021772939347,0.0935023771790808,0.534775888717156,0.131121642969984
"2",0,1,0,0,0,0.213607594936709,0.578703703703704,0.50314465408805,0,0,0.0123456790123457,0.515447154471545,0.6816,0,0,0,0.834384858044164,0,0,0.00963081861958266,0,0.8375,0,0,0.504777070063694,0.832550860719875,0.754442649434572,0,0.276995305164319,0.765258215962441,0.0261941448382126,0,0.373996789727127,0.344615384615385,0.994020926756353,0.998468606431853,0.0458015267175573,0.889922480620155,0,0,0,0,0,0.542901716068643,0,0,0.561320754716981,0,0.013677811550152,0.0158730158730159,0,0,0,0.998447204968944,0,0.0336,0,0.882629107981221,0,0,0.729335494327391,0.103338632750397,0,0,0.76,0.0139751552795031,0,0.767405063291139,0,0.5625
"3",0.929392446633826,0,1,0.913256955810147,0.421553090332805,0.0639344262295082,0,0,0.827079934747145,0.610305958132045,0.775477707006369,0,0.0928338762214984,0.423137876386688,0.353225806451613,0.905691056910569,0,0.798412698412698,1,0.772802653399668,0.804761904761905,0,0.459731543624161,0.383045525902669,0,0,0.0302013422818792,0.618441971383148,0.0065359477124183,0.0176,0.389694041867955,0.538211382113821,0,0,0,0,0.146417445482866,0,0.985530546623794,0.805921052631579,0.370967741935484,1,0.839403973509934,0,0.588926174496644,0.925039872408293,0,0.891640866873065,0.766192733017378,0.775947281713344,0.78125,0.615635179153095,0.885113268608414,0,0.391089108910891,0.145242070116861,0.993344425956739,0,0.99672131147541,0.597359735973597,0.0438311688311688,0.0808580858085809,0.885245901639344,0.570274636510501,0.0316455696202532,0.765751211631664,0.802250803858521,0.0234113712374582,0.616,0.0276422764227642
"4",0.9,0,0.913256955810147,1,0.382581648522551,0.115015974440895,0.0339506172839506,0.0341085271317829,0.831746031746032,0.563812600969305,0.793577981651376,0.0358890701468189,0.128571428571429,0.399375975039002,0.335423197492163,0.848242811501597,0,0.812206572769953,0.920840064620355,0.799357945425361,0.821263482280431,0,0.425986842105263,0.340030911901082,0.0415335463258786,0,0.0814332247557003,0.573899371069182,0.0275080906148867,0.0656,0.459501557632399,0.5,0.0271132376395534,0.0326086956521739,0.00151285930408472,0,0.165137614678899,0.0124610591900312,0.940438871473354,0.728571428571429,0.340729001584786,0.926868044515103,0.781553398058252,0.0376175548589342,0.530081300813008,0.941915227629513,0.0398089171974522,0.812018489984592,0.8,0.79903536977492,0.685624012638231,0.554858934169279,0.907496012759171,0.00156985871271586,0.366720516962843,0.141924959216966,0.9312,0.0220820189274448,0.930489731437599,0.55379746835443,0.0903225806451613,0.117932148626817,0.880258899676375,0.512,0.073208722741433,0.780952380952381,0.818181818181818,0.0621019108280255,0.565217391304348,0.11353032659409
"5",0.322480620155039,0,0.421553090332805,0.382581648522551,1,0.529042386185243,0.180152671755725,0.267776096822995,0.564220183486238,0.833855799373041,0.181681681681682,0.2390625,0,0.998500749625187,0.957186544342508,0.53125,0,0.204268292682927,0.430359937402191,0.18408736349454,0.213864306784661,0,0.972929936305732,0.965413533834587,0.240369799691834,0.00305810397553517,0,0.82370820668693,0.479134466769706,0,0.788667687595712,0.912172573189522,0.368827160493827,0.408682634730539,0,0,0.730253353204173,0,0.409785932721713,0.644305772230889,0.954268292682927,0.40527950310559,0.585403726708075,0.206636500754148,0.863123993558776,0.448854961832061,0.196969696969697,0.541420118343195,0.188340807174888,0.190697674418605,0.646058732612056,0.842987804878049,0.28328173374613,0,0.995275590551181,0.770833333333333,0.411214953271028,0,0.404354587869362,0.831007751937984,0,0.648264984227129,0.267828843106181,0.8887171561051,0,0.178353658536585,0.224242424242424,0,0.816109422492401,0.0611620795107034
"6",0.0474683544303797,0.213607594936709,0.0639344262295082,0.115015974440895,0.529042386185243,1,0.675590551181102,0.737909516380655,0.17219589257504,0.345104333868379,0.0139968895800933,0.747145187601958,0.0111287758346582,0.555555555555556,0.622848200312989,0.0987261146496815,0.3879173290938,0.0153609831029186,0.062200956937799,0.0130293159609121,0.0124223602484472,0.376413570274637,0.513911620294599,0.591397849462366,0.761075949367089,0.397456279809221,0.0655737704918033,0.342767295597484,0.934504792332268,0.0602218700475436,0.646875,0.42332268370607,0.887459807073955,0.91640866873065,0.184732824427481,0.201526717557252,0.842507645259939,0.133858267716535,0.0893141945773525,0.1504,0.598130841121495,0.0636942675159236,0.114331723027375,0.712948517940718,0.353518821603928,0.133956386292835,0.7,0.0934150076569678,0.0153609831029186,0.012779552715655,0.157232704402516,0.338607594936709,0.0339805825242718,0.221879815100154,0.589825119236884,0.799011532125206,0.0814332247557003,0.108832807570978,0.0632090761750405,0.349840255591054,0.0243111831442464,0.917874396135266,0.0318979266347687,0.371653543307087,0.0495356037151703,0.0126182965299685,0.0141732283464567,0.0551948051948052,0.32484076433121,0.25625
"7",0.00921658986175115,0.578703703703704,0,0.0339506172839506,0.180152671755725,0.675590551181102,1,0.937404580152672,0.0218408736349454,0.017515923566879,0.00903614457831325,0.952380952380952,0.272727272727273,0.190108191653787,0.256172839506173,0.0015600624024961,0.746105919003115,0.0107361963190184,0,0.0110584518167457,0.0060882800608828,0.751173708920188,0.156549520766773,0.233082706766917,0.952160493827161,0.772657450076805,0.356913183279743,0.0108527131782946,0.704791344667697,0.348228043143297,0.304821150855365,0.0832049306625578,0.820472440944882,0.791090629800307,0.549925484351714,0.553030303030303,0.489425981873112,0.470769230769231,0.0106870229007634,0,0.246554364471669,0.0015625,0,0.981366459627329,0.0226171243941842,0.0508474576271186,0.987538940809969,0,0.010590015128593,0.0108864696734059,0,0.0137614678899083,0.00933125972006221,0.563358778625954,0.221350078492936,0.447619047619048,0.00626959247648903,0.451713395638629,0.00310077519379845,0.0204724409448819,0.286392405063291,0.55,0.00778816199376947,0.0347003154574132,0.333333333333333,0.0109717868338558,0.0109034267912773,0.351181102362205,0.00773993808049536,0.554517133956386
"8",0.0121951219512195,0.50314465408805,0,0.0341085271317829,0.267776096822995,0.737909516380655,0.937404580152672,1,0.0381679389312977,0.0710900473933649,0.0105421686746988,0.995169082125604,0.199376947040498,0.281538461538462,0.329192546583851,0.00473186119873817,0.665634674922601,0.0122324159021407,0,0.0126182965299685,0.00770416024653313,0.678740157480315,0.235008103727715,0.314285714285714,0.995245641838352,0.701700154559505,0.269662921348315,0.0657492354740061,0.780907668231612,0.269349845201238,0.402777777777778,0.158950617283951,0.909235668789809,0.873456790123457,0.481536189069424,0.5,0.562874251497006,0.373475609756098,0.0122887864823349,0.00313479623824451,0.33026113671275,0.0015625,0,0.965204236006051,0.0923824959481361,0.0565749235474006,0.946624803767661,0,0.00911854103343465,0.0110935023771791,0.00156739811912226,0.0698027314112291,0.0110759493670886,0.49768875192604,0.302362204724409,0.520128824476651,0.00789889415481832,0.366614664586583,0.00475435816164818,0.0804416403785489,0.214511041009464,0.624405705229794,0.0093603744149766,0.10989010989011,0.246105919003115,0.0108864696734059,0.0108695652173913,0.269291338582677,0.0693374422187981,0.462015503875969
"9",0.787596899224806,0,0.827079934747145,0.831746031746032,0.564220183486238,0.17219589257504,0.0218408736349454,0.0381679389312977,1,0.743630573248408,0.625766871165644,0.0449438202247191,0.0268987341772152,0.56441717791411,0.499222395023328,0.908661417322835,0,0.649230769230769,0.858054226475279,0.610675039246468,0.667177914110429,0,0.59967845659164,0.517450682852807,0.0349206349206349,0,0.00477707006369427,0.753105590062112,0.0926216640502355,0,0.5734375,0.678125,0.0507936507936508,0.0576323987538941,0,0,0.3125,0,0.8546875,0.861685214626391,0.516279069767442,0.840625,0.905956112852665,0.034375,0.71169686985173,0.866359447004608,0.036624203821656,0.895454545454546,0.629349470499244,0.615748031496063,0.849445324881141,0.737984496124031,0.743307086614173,0,0.532182103610675,0.305418719211823,0.86698717948718,0,0.844444444444444,0.73968253968254,0.0095389507154213,0.2336,0.722222222222222,0.697637795275591,0,0.607751937984496,0.652777777777778,0,0.749216300940439,0.033175355450237
"10",0.522082018927445,0,0.610305958132045,0.563812600969305,0.833855799373041,0.345104333868379,0.017515923566879,0.0710900473933649,0.743630573248408,1,0.373065015479876,0.0621931260229133,0,0.82601880877743,0.761006289308176,0.7248,0,0.398119122257053,0.616747181964573,0.360655737704918,0.406299212598425,0,0.861513687600644,0.791344667697063,0.0608974358974359,0,0,1,0.288709677419355,0,0.609448818897638,0.936305732484076,0.182829888712242,0.20625,0,0,0.528505392912173,0,0.593114241001565,0.826298701298701,0.765822784810127,0.600321027287319,0.788216560509554,0.031496062992126,0.988391376451078,0.574534161490683,0.0309446254071661,0.732115677321157,0.374213836477987,0.37378640776699,0.846774193548387,1,0.482758620689655,0,0.801916932907348,0.558677685950413,0.596122778675283,0,0.596122778675283,1,0,0.462035541195477,0.4768,0.974481658692185,0,0.387301587301587,0.40506329113924,0,1,0.00789889415481832
"11",0.875190258751903,0.0123456790123457,0.775477707006369,0.793577981651376,0.181681681681682,0.0139968895800933,0.00903614457831325,0.0105421686746988,0.625766871165644,0.373065015479876,1,0.0125,0.342635658914729,0.182779456193353,0.137404580152672,0.655487804878049,0,0.98340874811463,0.772727272727273,1,0.983282674772036,0,0.221690590111643,0.148367952522255,0.0153139356814701,0,0.258620689655172,0.374626865671642,0.00622083981337481,0.245053272450533,0.244992295839753,0.293394777265745,0.00775193798449612,0.0136986301369863,0.0162962962962963,0.0163690476190476,0.0104011887072808,0.112291350531108,0.784962406015038,0.549770290964778,0.130500758725341,0.786707882534776,0.611023622047244,0.0151057401812689,0.344103392568659,0.748878923766816,0.0139318885448916,0.642750373692078,0.995562130177515,0.9984375,0.526717557251908,0.350076103500761,0.917557251908397,0.0197268588770865,0.165378670788253,0.00316957210776545,0.783570300157978,0.126153846153846,0.78003120124805,0.358255451713396,0.284603421461897,0.0078125,0.91588785046729,0.32,0.254872563718141,1,0.98310291858679,0.239130434782609,0.379362670713202,0.285493827160494
"12",0.0145631067961165,0.515447154471545,0,0.0358890701468189,0.2390625,0.747145187601958,0.952380952380952,0.995169082125604,0.0449438202247191,0.0621931260229133,0.0125,1,0.206119162640902,0.254807692307692,0.323717948717949,0.00163132137030995,0.68312101910828,0.0141732283464567,0,0.0129659643435981,0.0109546165884194,0.693944353518822,0.207236842105263,0.296703296703297,1,0.711568938193344,0.287128712871287,0.0594855305466238,0.775641025641026,0.28892455858748,0.375201288244767,0.133440514469453,0.887622149837134,0.862341772151899,0.493865030674847,0.499222395023328,0.551724137931034,0.392628205128205,0.0142857142857143,0,0.315457413249211,0.00162866449511401,0,0.987361769352291,0.0682196339434276,0.0565149136577708,0.972712680577849,0,0.0140625,0.012987012987013,0,0.0529695024077047,0.00964630225080386,0.5,0.283891547049442,0.504983388704319,0.0115321252059308,0.380191693290735,0.00483870967741936,0.0684039087947883,0.224793388429752,0.619672131147541,0.00969305331179321,0.0930979133226324,0.266773162939297,0.0127591706539075,0.014446227929374,0.282258064516129,0.0575079872204473,0.450885668276973
"13",0.171114599686028,0.6816,0.0928338762214984,0.128571428571429,0,0.0111287758346582,0.272727272727273,0.199376947040498,0.0268987341772152,0,0.342635658914729,0.206119162640902,1,0,0,0.0345368916797488,0.506269592476489,0.302469135802469,0.0864,0.344103392568659,0.298904538341158,0.51227495908347,0,0,0.186305732484076,0.496025437201908,0.935897435897436,0,0,0.942947702060222,0.0363349131121643,0,0.0557324840764331,0.0293663060278207,0.722054380664653,0.711009174311927,0,0.824921135646688,0.106750392464678,0,0,0.104928457869634,0,0.219284603421462,0,0.0929133858267717,0.248417721518987,0.00609756097560976,0.335384615384615,0.330143540669856,0,0,0.207936507936508,0.705069124423963,0,0,0.0910569105691057,0.831775700934579,0.0917721518987342,0,0.988709677419355,0,0.218093699515347,0,0.952086553323029,0.333855799373041,0.297805642633229,0.956168831168831,0,0.728434504792332
"14",0.319314641744548,0,0.423137876386688,0.399375975039002,0.998500749625187,0.555555555555556,0.190108191653787,0.281538461538462,0.56441717791411,0.82601880877743,0.182779456193353,0.254807692307692,0,1,0.963076923076923,0.528682170542636,0,0.209895052473763,0.427906976744186,0.177215189873418,0.211161387631976,0,0.9728,0.971428571428571,0.253894080996885,0.00309597523219814,0,0.825493171471927,0.493730407523511,0,0.817054263565892,0.902627511591963,0.384375,0.423780487804878,0,0,0.733133433283358,0,0.402756508422665,0.637071651090343,0.960365853658537,0.405956112852665,0.587774294670846,0.214723926380368,0.854838709677419,0.455098934550989,0.200626959247649,0.534534534534535,0.190045248868778,0.195275590551181,0.637362637362637,0.836923076923077,0.292834890965732,0,0.9984375,0.763492063492063,0.408874801901743,0,0.40527950310559,0.833594976452119,0,0.664556962025316,0.2765625,0.874806800618238,0,0.177914110429448,0.234741784037559,0,0.817764165390505,0.0705521472392638
"15",0.265432098765432,0,0.353225806451613,0.335423197492163,0.957186544342508,0.622848200312989,0.256172839506173,0.329192546583851,0.499222395023328,0.761006289308176,0.137404580152672,0.323717948717949,0,0.963076923076923,1,0.465224111282844,0.0046875,0.162079510703364,0.354788069073783,0.131329113924051,0.156202143950995,0.0016025641025641,0.921974522292994,0.996960486322188,0.316692667706708,0.0121951219512195,0,0.748466257668712,0.55748031496063,0,0.840062111801242,0.848297213622291,0.446372239747634,0.482388973966309,0,0,0.788288288288288,0,0.343653250773994,0.5703125,1,0.339144215530903,0.522082018927445,0.287901990811639,0.781758957654723,0.3963133640553,0.276295133437991,0.471471471471471,0.137614678899083,0.144200626959248,0.572100313479624,0.762422360248447,0.226708074534162,0,0.974763406940063,0.826086956521739,0.34748427672956,0,0.342229199372057,0.761755485893417,0,0.725552050473186,0.225705329153605,0.803767660910518,0,0.126738794435858,0.168224299065421,0,0.746913580246914,0.0982839313572543
"16",0.806552262090484,0,0.905691056910569,0.848242811501597,0.53125,0.0987261146496815,0.0015600624024961,0.00473186119873817,0.908661417322835,0.7248,0.655487804878049,0.00163132137030995,0.0345368916797488,0.528682170542636,0.465224111282844,1,0,0.680555555555556,0.914196567862715,0.648648648648649,0.70015455950541,0,0.567921440261866,0.489230769230769,0.00158227848101266,0,0.00483870967741936,0.733124018838305,0.0258064516129032,0.00312989045383412,0.487341772151899,0.630503144654088,0.00632911392405063,0.00461538461538462,0,0,0.237003058103976,0,0.897314375987362,0.935126582278481,0.475667189952904,0.9072,0.944707740916272,0.00154083204930663,0.692058346839546,0.852941176470588,0.00158478605388273,0.968229954614221,0.659476117103236,0.662440570522979,0.897435897435897,0.736593059936908,0.772511848341232,0,0.497630331753554,0.246753246753247,0.887658227848101,0,0.898412698412698,0.713607594936709,0.00649350649350649,0.171474358974359,0.768740031897927,0.679873217115689,0.00470957613814757,0.649289099526066,0.697674418604651,0.00319488817891374,0.743710691823899,0.0171606864274571
"17",0,0.834384858044164,0,0,0,0.3879173290938,0.746105919003115,0.665634674922601,0,0,0,0.68312101910828,0.506269592476489,0,0.0046875,0,1,0,0,0,0,1,0,0.00611620795107034,0.68312101910828,0.996894409937888,0.583870967741935,0,0.462639109697933,0.582417582417582,0.0471698113207547,0,0.556942277691108,0.522620904836194,0.826865671641791,0.833841463414634,0.216666666666667,0.707620528771384,0,0,0.00631911532385466,0,0,0.727838258164852,0,0,0.733755942947702,0,0.00303490136570561,0,0,0,0,0.827586206896552,0,0.194805194805195,0,0.725705329153605,0,0,0.537124802527646,0.2752,0,0,0.582434514637905,0,0,0.590322580645161,0,0.576862123613312
"18",0.906298003072197,0,0.798412698412698,0.812206572769953,0.204268292682927,0.0153609831029186,0.0107361963190184,0.0122324159021407,0.649230769230769,0.398119122257053,0.98340874811463,0.0141732283464567,0.302469135802469,0.209895052473763,0.162079510703364,0.680555555555556,0,1,0.791277258566978,0.984567901234568,1,0,0.246835443037975,0.170876671619614,0.015625,0,0.23125,0.407914764079148,0.0078740157480315,0.219662058371736,0.243451463790447,0.3171875,0.00773993808049536,0.0137404580152672,0.00439238653001464,0.00297619047619048,0.0120481927710843,0.0911854103343465,0.805855161787365,0.578783151326053,0.159937888198758,0.811145510835913,0.638888888888889,0.0153374233128834,0.376432078559738,0.760119940029985,0.0125195618153365,0.667164179104478,0.97289156626506,0.975039001560062,0.561240310077519,0.377503852080123,0.943425076452599,0.00151515151515152,0.190697674418605,0.0064,0.805337519623234,0.110419906687403,0.796610169491525,0.378335949764521,0.268867924528302,0.00793650793650794,0.93953488372093,0.350850077279753,0.230538922155689,0.980030721966206,1,0.216640502354788,0.407239819004525,0.256134969325153
"19",0.918622848200313,0,1,0.920840064620355,0.430359937402191,0.062200956937799,0,0,0.858054226475279,0.616747181964573,0.772727272727273,0,0.0864,0.427906976744186,0.354788069073783,0.914196567862715,0,0.791277258566978,1,0.760064412238325,0.809748427672956,0,0.464696223316913,0.380434782608696,0,0,0.0277324632952692,0.631007751937985,0.00475435816164818,0.0187793427230047,0.43730407523511,0.547880690737834,0,0,0,0,0.151376146788991,0,0.989147286821705,0.803827751196172,0.376947040498442,1,0.838050314465409,0,0.586206896551724,0.935681470137825,0.00159744408945687,0.889739663093415,0.75920245398773,0.766129032258065,0.768025078369906,0.623639191290824,0.875,0,0.393312101910828,0.155737704918033,0.991961414790997,0,0.998394863563403,0.60650406504065,0.0418006430868167,0.0862619808306709,0.881219903691814,0.555905511811024,0.0264385692068429,0.768025078369906,0.792721518987342,0.0209003215434084,0.629860031104199,0.0374414976599064
"20",0.8672,0.00963081861958266,0.772802653399668,0.799357945425361,0.18408736349454,0.0130293159609121,0.0110584518167457,0.0126182965299685,0.610675039246468,0.360655737704918,1,0.0129659643435981,0.344103392568659,0.177215189873418,0.131329113924051,0.648648648648649,0,0.984567901234568,0.760064412238325,1,0.984276729559748,0,0.22093023255814,0.147104851330203,0.016025641025641,0,0.269867549668874,0.360576923076923,0.00961538461538462,0.249602543720191,0.23015873015873,0.28436018957346,0.00972447325769854,0.0141509433962264,0.0180722891566265,0.0141287284144427,0.00927357032457496,0.119236883942766,0.78343949044586,0.5344,0.131621187800963,0.780254777070064,0.59775641025641,0.0157728706624606,0.336106489184692,0.744514106583072,0.0112,0.632970451010886,0.992319508448541,0.998371335504886,0.511363636363636,0.35423197492163,0.919743178170145,0.01743264659271,0.161500815660685,0.00324149108589951,0.779050736497545,0.133545310015898,0.77567140600316,0.344262295081967,0.292763157894737,0.00811688311688312,0.916129032258065,0.308441558441558,0.257142857142857,1,0.981072555205047,0.245954692556634,0.366771159874608,0.281645569620253
"21",0.902927580893683,0,0.804761904761905,0.821263482280431,0.213864306784661,0.0124223602484472,0.0060882800608828,0.00770416024653313,0.667177914110429,0.406299212598425,0.983282674772036,0.0109546165884194,0.298904538341158,0.211161387631976,0.156202143950995,0.70015455950541,0,1,0.809748427672956,0.984276729559748,1,0,0.261904761904762,0.179372197309417,0.0123647604327666,0,0.220820189274448,0.40695915279879,0.00623052959501558,0.204930662557781,0.246511627906977,0.328220858895706,0.0031201248049922,0.010590015128593,0.00441176470588235,0.0029673590504451,0.00745156482861401,0.0896656534954407,0.819018404907976,0.592307692307692,0.159754224270353,0.824534161490683,0.649612403100775,0.0120845921450151,0.384984025559105,0.770029673590504,0.0108359133126935,0.681481481481481,0.971851851851852,0.972179289026275,0.566770186335404,0.387786259541985,0.941807044410414,0.0015220700152207,0.19359756097561,0.00637958532695375,0.81832298136646,0.104134762633997,0.815548780487805,0.393468118195956,0.252730109204368,0.0046801872074883,0.93613707165109,0.365030674846626,0.215596330275229,0.978978978978979,1,0.213622291021672,0.424196018376723,0.235920852359209
"22",0,0.8375,0,0,0,0.376413570274637,0.751173708920188,0.678740157480315,0,0,0,0.693944353518822,0.51227495908347,0,0.0016025641025641,0,1,0,0,0,0,1,0,0.0031104199066874,0.686688311688312,1,0.6,0,0.454253611556982,0.598412698412698,0.0383386581469649,0,0.566343042071197,0.525,0.833333333333333,0.84447900466563,0.211598746081505,0.728867623604466,0,0,0.00157977883096367,0,0,0.729133858267716,0,0,0.740384615384615,0,0.00155038759689922,0,0,0,0,0.828616352201258,0,0.175986842105263,0,0.726114649681529,0,0,0.549342105263158,0.274350649350649,0,0,0.590551181102362,0,0,0.605177993527508,0,0.55111821086262
"23",0.370550161812298,0,0.459731543624161,0.425986842105263,0.972929936305732,0.513911620294599,0.156549520766773,0.235008103727715,0.59967845659164,0.861513687600644,0.221690590111643,0.207236842105263,0,0.9728,0.921974522292994,0.567921440261866,0,0.246835443037975,0.464696223316913,0.22093023255814,0.261904761904762,0,1,0.930868167202572,0.20495867768595,0.00318979266347687,0,0.852750809061489,0.442244224422442,0,0.779742765273312,0.951377633711507,0.347334410339257,0.3744,0,0,0.687301587301587,0,0.4368,0.677100494233937,0.921221864951768,0.457792207792208,0.635467980295567,0.17007874015748,0.892857142857143,0.502369668246445,0.174629324546952,0.568965517241379,0.22866344605475,0.239870340356564,0.684210526315789,0.867647058823529,0.329052969502408,0,0.952614379084967,0.72436974789916,0.447712418300654,0,0.452032520325203,0.872909698996655,0,0.624382207578254,0.316831683168317,0.906752411575563,0,0.223662884927066,0.269537480063796,0,0.846029173419773,0.0612903225806452
"24",0.282477341389728,0,0.383045525902669,0.340030911901082,0.965413533834587,0.591397849462366,0.233082706766917,0.314285714285714,0.517450682852807,0.791344667697063,0.148367952522255,0.296703296703297,0,0.971428571428571,0.996960486322188,0.489230769230769,0.00611620795107034,0.170876671619614,0.380434782608696,0.147104851330203,0.179372197309417,0.0031104199066874,0.930868167202572,1,0.297971918876755,0.0151057401812689,0,0.77727952167414,0.537867078825348,0,0.844036697247706,0.869300911854103,0.427682737169518,0.466165413533835,0,0,0.77037037037037,0,0.358006042296073,0.595348837209302,0.998498498498498,0.361370716510903,0.540958268933539,0.255673222390318,0.812400635930048,0.399702823179792,0.237730061349693,0.489614243323442,0.152694610778443,0.153488372093023,0.598774885145482,0.794207317073171,0.244204018547141,0,0.976816074188563,0.810126582278481,0.361067503924647,0,0.365591397849462,0.785493827160494,0,0.708268330733229,0.234206471494607,0.826283987915408,0,0.143721633888048,0.183890577507599,0,0.768645357686454,0.0880121396054628
"25",0.0158982511923688,0.504777070063694,0,0.0415335463258786,0.240369799691834,0.761075949367089,0.952160493827161,0.995245641838352,0.0349206349206349,0.0608974358974359,0.0153139356814701,1,0.186305732484076,0.253894080996885,0.316692667706708,0.00158227848101266,0.68312101910828,0.015625,0,0.016025641025641,0.0123647604327666,0.686688311688312,0.20495867768595,0.297971918876755,1,0.718995290423862,0.273170731707317,0.0571870170015456,0.793977812995246,0.274881516587678,0.372641509433962,0.130708661417323,0.896774193548387,0.874418604651163,0.477996965098634,0.484615384615385,0.5640625,0.389240506329114,0.0156494522691706,0,0.314728682170543,0.00158227848101266,0,0.981337480559876,0.0694214876033058,0.0578125,0.963722397476341,0,0.0156494522691706,0.0159489633173844,0,0.0511627906976744,0.0127186009538951,0.493788819875776,0.278582930756844,0.517241379310345,0.0114192495921697,0.362204724409449,0.00473186119873817,0.0654952076677316,0.215210355987055,0.6272,0.0112,0.0848,0.248012718600954,0.0158730158730159,0.0156739811912226,0.276699029126214,0.0550314465408805,0.457278481012658
"26",0,0.832550860719875,0,0,0.00305810397553517,0.397456279809221,0.772657450076805,0.701700154559505,0,0,0,0.711568938193344,0.496025437201908,0.00309597523219814,0.0121951219512195,0,0.996894409937888,0,0,0,0,1,0.00318979266347687,0.0151057401812689,0.718995290423862,1,0.579617834394904,0,0.478056426332288,0.586046511627907,0.0552147239263804,0.0015748031496063,0.583732057416268,0.535493827160494,0.825373134328358,0.830075187969925,0.227414330218069,0.711009174311927,0,0,0.0141065830721003,0,0,0.747692307692308,0,0,0.758620689655172,0,0.00150829562594268,0,0,0,0,0.81055900621118,0.00784929356357928,0.198067632850242,0,0.71671826625387,0,0,0.536624203821656,0.288676236044657,0,0,0.585253456221198,0,0,0.596184419713832,0,0.549141965678627
"27",0.0996732026143791,0.754442649434572,0.0302013422818792,0.0814332247557003,0,0.0655737704918033,0.356913183279743,0.269662921348315,0.00477707006369427,0,0.258620689655172,0.287128712871287,0.935897435897436,0,0,0.00483870967741936,0.583870967741935,0.23125,0.0277324632952692,0.269867549668874,0.220820189274448,0.6,0,0,0.273170731707317,0.579617834394904,1,0,0.0455284552845528,0.998397435897436,0.032051282051282,0,0.134304207119741,0.100946372239748,0.784829721362229,0.770800627943485,0,0.9,0.0363924050632911,0,0,0.0386473429951691,0,0.300319488817891,0,0.0312989045383412,0.330097087378641,0,0.268867924528302,0.256077795786062,0,0,0.145833333333333,0.780254777070064,0,0,0.0263157894736842,0.900489396411093,0.0279605263157895,0,0.983606557377049,0.0033003300330033,0.149006622516556,0,1,0.2608,0.2176,1,0,0.829545454545455
"28",0.528593508500773,0,0.618441971383148,0.573899371069182,0.82370820668693,0.342767295597484,0.0108527131782946,0.0657492354740061,0.753105590062112,1,0.374626865671642,0.0594855305466238,0,0.825493171471927,0.748466257668712,0.733124018838305,0,0.407914764079148,0.631007751937985,0.360576923076923,0.40695915279879,0,0.852750809061489,0.77727952167414,0.0571870170015456,0,0,1,0.28858024691358,0,0.610769230769231,0.930340557275542,0.182250396196513,0.206422018348624,0,0,0.517397881996974,0,0.602134146341463,0.829192546583851,0.767584097859327,0.614420062695925,0.793375394321767,0.0257966616084977,0.988691437802908,0.58599695585997,0.0238095238095238,0.739457831325301,0.372907153729072,0.380877742946708,0.856025039123631,1,0.487577639751553,0,0.793427230046948,0.558028616852146,0.603448275862069,0,0.614533965244866,1,0,0.458466453674121,0.479495268138801,0.97191887675507,0,0.385670731707317,0.403993855606759,0,0.998461538461539,0.00938967136150235
"29",0.00961538461538462,0.276995305164319,0.0065359477124183,0.0275080906148867,0.479134466769706,0.934504792332268,0.704791344667697,0.780907668231612,0.0926216640502355,0.288709677419355,0.00622083981337481,0.775641025641026,0,0.493730407523511,0.55748031496063,0.0258064516129032,0.462639109697933,0.0078740157480315,0.00475435816164818,0.00961538461538462,0.00623052959501558,0.454253611556982,0.442244224422442,0.537867078825348,0.793977812995246,0.478056426332288,0.0455284552845528,0.28858024691358,1,0.0393700787401575,0.548895899053628,0.352755905511811,0.926282051282051,0.962558502340094,0.246596066565809,0.267993874425727,0.789554531490015,0.142633228840125,0.0140625,0.100158982511924,0.539906103286385,0.00484652665589661,0.0597738287560582,0.75195007800312,0.313628899835796,0.0526315789473684,0.722044728434505,0.0289634146341463,0.00625,0.00805152979066022,0.119047619047619,0.284591194968553,0.00482315112540193,0.260596546310832,0.517684887459807,0.767479674796748,0.0146103896103896,0.14488188976378,0.00482315112540193,0.299840510366826,0.00806451612903226,0.87479674796748,0.00637958532695375,0.32695374800638,0.0332805071315372,0.00788643533123028,0.00952380952380952,0.0318979266347687,0.277777777777778,0.230283911671924
"30",0.089622641509434,0.765258215962441,0.0176,0.0656,0,0.0602218700475436,0.348228043143297,0.269349845201238,0,0,0.245053272450533,0.28892455858748,0.942947702060222,0,0,0.00312989045383412,0.582417582417582,0.219662058371736,0.0187793427230047,0.249602543720191,0.204930662557781,0.598412698412698,0,0,0.274881516587678,0.586046511627907,0.998397435897436,0,0.0393700787401575,1,0.0217729393468118,0,0.13968253968254,0.106976744186047,0.791356184798808,0.779969650986343,0,0.904761904761905,0.0186625194401244,0,0,0.0207667731629393,0,0.295665634674923,0,0.0122324159021407,0.328638497652582,0,0.250759878419453,0.240625,0,0,0.138629283489097,0.784283513097072,0,0,0.0143312101910828,0.907378335949764,0.0128,0,0.982758620689655,0.0047244094488189,0.129952456418384,0,1,0.254931714719272,0.21583850931677,1,0,0.81055900621118
"31",0.35625,0.0261941448382126,0.389694041867955,0.459501557632399,0.788667687595712,0.646875,0.304821150855365,0.402777777777778,0.5734375,0.609448818897638,0.244992295839753,0.375201288244767,0.0363349131121643,0.817054263565892,0.840062111801242,0.487341772151899,0.0471698113207547,0.243451463790447,0.43730407523511,0.23015873015873,0.246511627906977,0.0383386581469649,0.779742765273312,0.844036697247706,0.372641509433962,0.0552147239263804,0.032051282051282,0.610769230769231,0.548895899053628,0.0217729393468118,1,0.706624605678233,0.49445324881141,0.5115562403698,0.021021021021021,0.0182094081942337,0.712765957446808,0.0200927357032458,0.434375,0.450949367088608,0.854037267080745,0.418897637795276,0.450636942675159,0.335901386748844,0.632183908045977,0.50611620795107,0.341269841269841,0.43030303030303,0.242331288343558,0.233974358974359,0.438679245283019,0.610591900311526,0.334379905808477,0.0338983050847458,0.837795275590551,0.718196457326892,0.4336,0.0217391304347826,0.406645569620253,0.62200956937799,0.0142630744849445,0.67515923566879,0.299363057324841,0.657232704402516,0.0213089802130898,0.22239263803681,0.252730109204368,0.0177133655394525,0.60061919504644,0.170015455950541
"32",0.443057722308892,0,0.538211382113821,0.5,0.912172573189522,0.42332268370607,0.0832049306625578,0.158950617283951,0.678125,0.936305732484076,0.293394777265745,0.133440514469453,0,0.902627511591963,0.848297213622291,0.630503144654088,0,0.3171875,0.547880690737834,0.28436018957346,0.328220858895706,0,0.951377633711507,0.869300911854103,0.130708661417323,0.0015748031496063,0,0.930340557275542,0.352755905511811,0,0.706624605678233,1,0.263157894736842,0.29601226993865,0,0,0.615037593984962,0,0.530232558139535,0.745709828393136,0.857366771159875,0.526898734177215,0.703403565640194,0.11198738170347,0.954545454545455,0.587869362363919,0.1088,0.650602409638554,0.293394777265745,0.295055821371611,0.776527331189711,0.931782945736434,0.394611727416799,0,0.887122416534181,0.647727272727273,0.527331189710611,0,0.537480063795853,0.937699680511182,0,0.542071197411003,0.385232744783307,0.964341085271318,0,0.291993720565149,0.31875,0,0.921996879875195,0.0356037151702786
"33",0.00778816199376947,0.373996789727127,0,0.0271132376395534,0.368827160493827,0.887459807073955,0.820472440944882,0.909235668789809,0.0507936507936508,0.182829888712242,0.00775193798449612,0.887622149837134,0.0557324840764331,0.384375,0.446372239747634,0.00632911392405063,0.556942277691108,0.00773993808049536,0,0.00972447325769854,0.0031201248049922,0.566343042071197,0.347334410339257,0.427682737169518,0.896774193548387,0.583732057416268,0.134304207119741,0.182250396196513,0.926282051282051,0.13968253968254,0.49445324881141,0.263157894736842,1,0.998425196850394,0.347496206373293,0.36055469953775,0.688854489164087,0.250793650793651,0.0062992125984252,0.0191387559808612,0.447077409162717,0,0.0078740157480315,0.857142857142857,0.208881578947368,0.0469483568075117,0.828250401284109,0.00153609831029186,0.00783699059561128,0.00807754442649435,0.0241935483870968,0.177394034536892,0.00797448165869218,0.363924050632911,0.422829581993569,0.674917491749175,0.00637958532695375,0.238019169329073,0,0.20655737704918,0.0868167202572347,0.787096774193548,0.00656814449917898,0.226837060702875,0.1198738170347,0.00789889415481832,0.00777604976671851,0.130645161290323,0.181102362204724,0.331240188383046
"34",0.0137614678899083,0.344615384615385,0,0.0326086956521739,0.408682634730539,0.91640866873065,0.791090629800307,0.873456790123457,0.0576323987538941,0.20625,0.0136986301369863,0.862341772151899,0.0293663060278207,0.423780487804878,0.482388973966309,0.00461538461538462,0.522620904836194,0.0137404580152672,0,0.0141509433962264,0.010590015128593,0.525,0.3744,0.466165413533835,0.874418604651163,0.535493827160494,0.100946372239748,0.206422018348624,0.962558502340094,0.106976744186047,0.5115562403698,0.29601226993865,0.998425196850394,1,0.297218155197657,0.315396113602392,0.722054380664653,0.211656441717791,0.0138036809815951,0.0279937791601866,0.48,0,0.0078125,0.840245775729647,0.243862520458265,0.0546282245827011,0.813953488372093,0.00299850074962519,0.0135338345864662,0.0141287284144427,0.0434782608695652,0.218125960061444,0.0124031007751938,0.32572298325723,0.456086286594761,0.7046875,0.0110062893081761,0.201228878648233,0.0031104199066874,0.23125,0.0580847723704867,0.817610062893082,0.00943396226415094,0.25920245398773,0.0935143288084465,0.0138674884437596,0.0139103554868624,0.0901898734177215,0.21092564491654,0.306990881458967
"35",0,0.994020926756353,0,0.00151285930408472,0,0.184732824427481,0.549925484351714,0.481536189069424,0,0,0.0162962962962963,0.493865030674847,0.722054380664653,0,0,0,0.826865671641791,0.00439238653001464,0,0.0180722891566265,0.00441176470588235,0.833333333333333,0,0,0.477996965098634,0.825373134328358,0.784829721362229,0,0.246596066565809,0.791356184798808,0.021021021021021,0,0.347496206373293,0.297218155197657,1,1,0.0291545189504373,0.911373707533235,0,0,0,0,0,0.520059435364042,0,0,0.54160363086233,0,0.0175182481751825,0.0197869101978691,0,0,0.00149700598802395,1,0,0.018348623853211,0,0.905120481927711,0,0,0.761398176291793,0.075642965204236,0,0,0.78877400295421,0.0178571428571429,0.00445765230312036,0.798165137614679,0,0.567407407407407
"36",0,0.998468606431853,0,0,0,0.201526717557252,0.553030303030303,0.5,0,0,0.0163690476190476,0.499222395023328,0.711009174311927,0,0,0,0.833841463414634,0.00297619047619048,0,0.0141287284144427,0.0029673590504451,0.84447900466563,0,0,0.484615384615385,0.830075187969925,0.770800627943485,0,0.267993874425727,0.779969650986343,0.0182094081942337,0,0.36055469953775,0.315396113602392,1,1,0.0294985250737463,0.901812688821752,0,0,0,0,0,0.521674140508221,0,0,0.545731707317073,0,0.0164179104477612,0.018348623853211,0,0,0,0.998498498498498,0,0.0216383307573416,0,0.898330804248862,0,0,0.740853658536585,0.0869565217391304,0,0,0.772932330827068,0.0196078431372549,0.0029940119760479,0.781055900621118,0,0.53951367781155
"37",0.0770392749244713,0.0458015267175573,0.146417445482866,0.165137614678899,0.730253353204173,0.842507645259939,0.489425981873112,0.562874251497006,0.3125,0.528505392912173,0.0104011887072808,0.551724137931034,0,0.733133433283358,0.788288288288288,0.237003058103976,0.216666666666667,0.0120481927710843,0.151376146788991,0.00927357032457496,0.00745156482861401,0.211598746081505,0.687301587301587,0.77037037037037,0.5640625,0.227414330218069,0,0.517397881996974,0.789554531490015,0,0.712765957446808,0.615037593984962,0.688854489164087,0.722054380664653,0.0291545189504373,0.0294985250737463,1,0.00151745068285281,0.159159159159159,0.338533541341654,0.784848484848485,0.140672782874618,0.288372093023256,0.526706231454006,0.554313099041534,0.213649851632047,0.500782472613459,0.25920471281296,0.00890207715133531,0.0122137404580153,0.368992248062016,0.540212443095599,0.05,0.037202380952381,0.753445635528331,0.987321711568938,0.153609831029186,0.00301659125188537,0.149300155520995,0.544461778471139,0,0.955177743431221,0.0415384615384615,0.568356374807988,0,0.0105263157894737,0.0122137404580153,0,0.518072289156627,0.181818181818182
"38",0.00154559505409583,0.889922480620155,0,0.0124610591900312,0,0.133858267716535,0.470769230769231,0.373475609756098,0,0,0.112291350531108,0.392628205128205,0.824921135646688,0,0,0,0.707620528771384,0.0911854103343465,0,0.119236883942766,0.0896656534954407,0.728867623604466,0,0,0.389240506329114,0.711009174311927,0.9,0,0.142633228840125,0.904761904761905,0.0200927357032458,0,0.250793650793651,0.211656441717791,0.911373707533235,0.901812688821752,0.00151745068285281,1,0,0,0,0,0,0.417054263565891,0,0,0.434169278996865,0,0.118003025718608,0.110584518167457,0,0,0.0264385692068429,0.902140672782875,0,0,0,0.968553459119497,0,0,0.867924528301887,0.0223642172523962,0.0109546165884194,0,0.898773006134969,0.111280487804878,0.0862068965517241,0.908372827804107,0,0.665620094191523
"39",0.926905132192846,0,0.985530546623794,0.940438871473354,0.409785932721713,0.0893141945773525,0.0106870229007634,0.0122887864823349,0.8546875,0.593114241001565,0.784962406015038,0.0142857142857143,0.106750392464678,0.402756508422665,0.343653250773994,0.897314375987362,0,0.805855161787365,0.989147286821705,0.78343949044586,0.819018404907976,0,0.4368,0.358006042296073,0.0156494522691706,0,0.0363924050632911,0.602134146341463,0.0140625,0.0186625194401244,0.434375,0.530232558139535,0.0062992125984252,0.0138036809815951,0,0,0.159159159159159,0,1,0.782608695652174,0.354642313546423,0.986003110419907,0.820919175911252,0.0153139356814701,0.564648117839607,0.954614220877458,0.0141955835962145,0.866868381240545,0.777439024390244,0.779874213836478,0.748815165876777,0.58695652173913,0.8828125,0,0.384735202492212,0.1504,0.996789727126806,0,0.990580847723705,0.578525641025641,0.0486656200941915,0.100313479623824,0.885400313971743,0.546875,0.0322085889570552,0.778816199376947,0.811526479750779,0.0241545893719807,0.601837672281776,0.0543478260869565
