"","V1","V2","V3","V4","V5","V6","V7","V8","V9","V10","V11","V12","V13","V14","V15","V16","V17","V18","V19","V20","V21","V22","V23","V24","V25","V26","V27","V28","V29","V30","V31","V32","V33","V34","V35","V36","V37","V38","V39","V40","V41","V42","V43","V44","V45","V46","V47","V48","V49","V50","V51","V52","V53","V54","V55","V56","V57","V58","V59","V60","V61","V62","V63","V64","V65","V66","V67","V68","V69","V70"
"1",1,0.0312989045383412,0.998405103668262,0.921474358974359,0.96513470681458,0.251184834123223,0.0382775119617225,0.216346153846154,0.960998439937597,0.962382445141066,0.878548895899054,0.0789049919484702,0.0456769983686786,0.96742671009772,0.960998439937597,0.99344262295082,0.00623052959501558,0.959119496855346,0.996774193548387,0.902086677367576,0.959871589085072,0.00464396284829721,0.961844197138315,0.959375,0.0667752442996743,0.00636942675159236,0.0427892234548336,0.974921630094044,0.387820512820513,0.0348101265822785,0.940993788819876,0.964506172839506,0.231139646869984,0.201587301587302,0.0295031055900621,0.0329153605015674,0.924679487179487,0.0345345345345345,0.996875,0.9890625,0.955246913580247,0.995161290322581,0.963636363636364,0.0334928229665072,0.961904761904762,0.959935897435897,0.0419254658385093,0.987361769352291,0.0876369327073552,0.8798751950078,0.965625,0.969936708860759,0.993779160186625,0.0302066772655008,0.957547169811321,0.963375796178344,0.998357963875205,0.0317965023847377,0.996820349761526,0.962085308056872,0.0363924050632911,0.925117004680187,0.998430141287284,0.960912052117264,0.0369774919614148,0.883096366508689,0.951863354037267,0.0330708661417323,0.960191082802548,0.0373983739837398
"2",0.0312989045383412,1,0.0248447204968944,0.0976377952755905,0.003125,0.730354391371341,0.956454121306376,0.754777070063694,0.00625,0,0.157320872274143,0.905511811023622,0.995230524642289,0.0048,0.00476190476190476,0.024,0.975497702909648,0.0712074303405573,0.026813880126183,0.133757961783439,0.0736,0.9734375,0.0031055900621118,0.00309597523219814,0.925039872408293,0.977848101265823,0.998425196850394,0,0.580343213728549,0.998461538461539,0.0229357798165138,0.00307692307692308,0.73961661341853,0.774647887323944,0.998439937597504,1,0.028436018957346,0.99702823179792,0.0243161094224924,0.0184615384615385,0.00306278713629403,0.0286168521462639,0,0.95125786163522,0.00308641975308642,0.014218009478673,0.94311377245509,0.0110062893081761,0.950233281493002,0.154320987654321,0,0,0.0353302611367127,1,0.00461538461538462,0.00473186119873817,0.0301109350237718,0.996913580246914,0.0217391304347826,0.0031104199066874,0.995363214837713,0.0353846153846154,0.0338461538461538,0.00320512820512821,0.998392282958199,0.151234567901235,0.0787037037037037,0.996913580246914,0.00313971742543171,0.950558213716108
"3",0.998405103668262,0.0248447204968944,1,0.912974683544304,0.969648562300319,0.22884012539185,0.0235849056603774,0.199044585987261,0.963133640552995,0.970404984423676,0.861904761904762,0.0765625,0.0397456279809221,0.96656050955414,0.963607594936709,0.998392282958199,0.00154320987654321,0.949921752738654,1,0.883572567783094,0.947368421052632,0.00157232704402516,0.961844197138315,0.966049382716049,0.0487804878048781,0,0.0384615384615385,0.98310291858679,0.378763866877971,0.0344827586206897,0.938176197836167,0.969604863221885,0.220949263502455,0.195583596214511,0.0308166409861325,0.028391167192429,0.927444794952681,0.0303030303030303,0.995391705069124,0.993798449612403,0.959627329192547,1,0.967689822294023,0.0205696202531646,0.964912280701754,0.957278481012658,0.0276497695852535,0.995222929936306,0.0708661417322835,0.862992125984252,0.973143759873618,0.973478939157566,0.990683229813665,0.0265625,0.962674961119751,0.963722397476341,1,0.0283018867924528,1,0.968798751950078,0.033175355450237,0.926984126984127,0.993740219092332,0.967948717948718,0.0334928229665072,0.863565891472868,0.939907550077042,0.0312989045383412,0.962558502340094,0.0193548387096774
"4",0.921474358974359,0.0976377952755905,0.912974683544304,1,0.871382636655949,0.235109717868339,0.125796178343949,0.188311688311688,0.889589905362776,0.879443585780526,0.953451043338684,0.0890302066772655,0.117741935483871,0.881329113924051,0.873417721518987,0.908945686900958,0.0788253477588872,0.962323390894819,0.916129032258065,0.96969696969697,0.957006369426752,0.0637958532695375,0.880690737833595,0.868544600938967,0.136065573770492,0.0653907496012759,0.141945773524721,0.901716068642746,0.291798107255521,0.119751166407465,0.888540031397174,0.87211093990755,0.186991869918699,0.168224299065421,0.0900621118012422,0.0949367088607595,0.849358974358974,0.116138763197587,0.906832298136646,0.903576982892691,0.871559633027523,0.922953451043339,0.86863711001642,0.107544141252006,0.879936808846761,0.889776357827476,0.121538461538462,0.908517350157729,0.166929133858268,0.952755905511811,0.887675507020281,0.876175548589342,0.924382716049383,0.118110236220472,0.872274143302181,0.876404494382023,0.9185667752443,0.108452950558214,0.91499227202473,0.876582278481013,0.132605304212168,0.858044164037855,0.929245283018868,0.869918699186992,0.1232,0.956181533646322,0.967136150234742,0.117554858934169,0.877358490566038,0.120385232744783
"5",0.96513470681458,0.003125,0.969648562300319,0.871382636655949,1,0.275272161741835,0.0505529225908373,0.247987117552335,0.998425196850394,1,0.809748427672956,0.114649681528662,0,1,1,0.974358974358974,0.0292758089368259,0.910518053375196,0.968203497615262,0.842356687898089,0.91653290529695,0.0317965023847377,1,1,0.0774299835255354,0.0274193548387097,0,0.996908809891808,0.4448,0.0015600624024961,0.970769230769231,1,0.281098546042003,0.253588516746411,0,0,0.966666666666667,0.00152439024390244,0.967542503863988,0.980030721966206,1,0.964686998394864,0.996715927750411,0.0565149136577708,0.998422712933754,0.988727858293076,0.0655487804878049,0.984399375975039,0.0358255451713396,0.81974921630094,0.996810207336523,1,0.960876369327074,0.00314465408805031,1,1,0.967948717948718,0.00161030595813205,0.973478939157566,1,0,0.963893249607535,0.962674961119751,0.998387096774194,0,0.817054263565892,0.906687402799378,0,0.9984375,0.0576923076923077
"6",0.251184834123223,0.730354391371341,0.22884012539185,0.235109717868339,0.275272161741835,1,0.805337519623234,0.960753532182104,0.270642201834862,0.26502311248074,0.18167701863354,0.903328050713154,0.703001579778831,0.287925696594427,0.293478260869565,0.246794871794872,0.764705882352941,0.195652173913043,0.238170347003155,0.198098256735341,0.194053208137715,0.787735849056604,0.296411856474259,0.280564263322884,0.853697749196141,0.771875,0.70625,0.263888888888889,0.866352201257862,0.715610510046368,0.321592649310873,0.28030303030303,0.966719492868463,0.963722397476341,0.734042553191489,0.702492211838006,0.322734499205087,0.720238095238095,0.265243902439024,0.237730061349693,0.285714285714286,0.221169036334913,0.286871961102107,0.8060413354531,0.271450858034321,0.293563579277865,0.820359281437126,0.232963549920761,0.76219512195122,0.198449612403101,0.253918495297806,0.263975155279503,0.258859784283513,0.721003134796238,0.299539170506912,0.294025157232704,0.240063593004769,0.696062992125984,0.235849056603774,0.262830482115086,0.684698608964451,0.332298136645963,0.240369799691834,0.280254777070064,0.696969696969697,0.183767228177642,0.201807228915663,0.701238390092879,0.269890795631825,0.817891373801917
"7",0.0382775119617225,0.956454121306376,0.0235849056603774,0.125796178343949,0.0505529225908373,0.805337519623234,1,0.821371610845295,0.0649149922720247,0.0467289719626168,0.174803149606299,0.951377633711507,0.942307692307692,0.0528,0.0568720379146919,0.0340909090909091,0.978361669242658,0.0897832817337461,0.0283464566929134,0.152623211446741,0.0864779874213836,0.97007874015748,0.0566037735849057,0.0577223088923557,0.978964401294498,0.974522292993631,0.941176470588235,0.0415384615384615,0.629213483146067,0.944012441679627,0.0844854070660522,0.0520673813169985,0.800970873786408,0.828393135725429,0.946624803767661,0.948598130841122,0.0792393026941363,0.944108761329305,0.0398773006134969,0.031104199066874,0.0579268292682927,0.0288461538461538,0.0457516339869281,0.99685534591195,0.0600315955766193,0.0748407643312102,0.996960486322188,0.0386996904024768,0.957613814756672,0.172093023255814,0.0418604651162791,0.0486656200941915,0.0479876160990712,0.9515625,0.0594512195121951,0.0557324840764331,0.036741214057508,0.948275862068966,0.0358255451713396,0.0527131782945736,0.939968404423381,0.0849056603773585,0.043956043956044,0.0487804878048781,0.941362916006339,0.168224299065421,0.098159509202454,0.940275650842266,0.059375,1
"8",0.216346153846154,0.754777070063694,0.199044585987261,0.188311688311688,0.247987117552335,0.960753532182104,0.821371610845295,1,0.247244094488189,0.232963549920761,0.143312101910828,0.915721231766613,0.731270358306189,0.2608,0.260731319554849,0.233660130718954,0.791862284820031,0.153354632587859,0.203225806451613,0.151612903225806,0.161030595813205,0.81629392971246,0.261006289308176,0.254372019077901,0.86970684039088,0.811290322580645,0.733870967741935,0.228043143297381,0.840130505709625,0.744514106583072,0.291993720565149,0.255451713395639,0.9904,0.988709677419355,0.763492063492063,0.752396166134185,0.290015847860539,0.739393939393939,0.225,0.213063763608087,0.256838905775076,0.191011235955056,0.255499153976311,0.827922077922078,0.240944881889764,0.264,0.837753510140406,0.207062600321027,0.783227848101266,0.151857835218094,0.220985691573927,0.229665071770335,0.220985691573927,0.769230769230769,0.261755485893417,0.263665594855305,0.197019867549669,0.738709677419355,0.207488299531981,0.234076433121019,0.730462519936204,0.304625199362041,0.212933753943218,0.251223491027732,0.729200652528548,0.143759873617694,0.164596273291925,0.731012658227848,0.240566037735849,0.839403973509934
"9",0.960998439937597,0.00625,0.963133640552995,0.889589905362776,0.998425196850394,0.270642201834862,0.0649149922720247,0.247244094488189,1,0.996913580246914,0.834890965732087,0.116169544740973,0.0031201248049922,0.998444790046656,0.9984375,0.966613672496025,0.0380517503805175,0.912908242612753,0.960753532182104,0.855325914149444,0.915254237288136,0.0396946564885496,0.998456790123457,0.996908809891808,0.0963665086887836,0.0395569620253165,0.0031496062992126,0.995454545454545,0.427892234548336,0.00153139356814701,0.984802431610942,0.998484848484849,0.259904912836767,0.233281493001555,0.00305810397553517,0.0046801872074883,0.96984126984127,0.00447093889716841,0.964992389649924,0.970858895705521,0.998493975903614,0.95583596214511,0.991909385113269,0.0707547169811321,0.996870109546166,0.992260061919505,0.0763358778625954,0.976708074534162,0.0516717325227964,0.84080370942813,0.993817619783617,0.996889580093313,0.960061443932412,0.00927357032457496,0.996955859969559,0.996899224806202,0.963607594936709,0.00469483568075117,0.962732919254658,0.996927803379416,0.00309597523219814,0.967238689547582,0.956386292834891,0.995238095238095,0.00159489633173844,0.834365325077399,0.909647779479326,0.00152671755725191,0.996923076923077,0.0666666666666667
"10",0.962382445141066,0,0.970404984423676,0.879443585780526,1,0.26502311248074,0.0467289719626168,0.232963549920761,0.996913580246914,1,0.817472698907956,0.0963665086887836,0,1,1,0.97427652733119,0.0290076335877863,0.917316692667707,0.970404984423676,0.843260188087774,0.91283676703645,0.0329153605015674,1,1,0.0733652312599681,0.0283464566929134,0,1,0.43968253968254,0,0.97112462006079,1,0.267716535433071,0.233542319749216,0,0,0.970219435736677,0,0.965256797583082,0.981679389312977,1,0.961904761904762,1,0.0514820592823713,1,0.984251968503937,0.0601503759398496,0.985915492957746,0.0384615384615385,0.822706065318818,1,1,0.957120980091884,0,1,1,0.96474358974359,0,0.972265023112481,1,0,0.967492260061919,0.958333333333333,1,0,0.816358024691358,0.910769230769231,0,1,0.054140127388535
"11",0.878548895899054,0.157320872274143,0.861904761904762,0.953451043338684,0.809748427672956,0.18167701863354,0.174803149606299,0.143312101910828,0.834890965732087,0.817472698907956,1,0.0996835443037975,0.188498402555911,0.818471337579618,0.81042654028436,0.85553772070626,0.133748055987558,0.93125,0.863782051282051,0.995137763371151,0.934713375796178,0.105263157894737,0.812893081761006,0.81591263650546,0.159016393442623,0.116129032258065,0.202229299363057,0.841538461538462,0.249602543720191,0.183925811437403,0.818042813455658,0.812111801242236,0.128980891719745,0.10952380952381,0.155309033280507,0.149136577708006,0.774760383386581,0.170731707317073,0.859784283513097,0.846749226006192,0.806153846153846,0.874003189792663,0.801948051948052,0.150943396226415,0.823161189358372,0.824921135646688,0.167701863354037,0.84984520123839,0.241324921135647,0.998449612403101,0.825471698113208,0.821316614420063,0.868421052631579,0.176470588235294,0.804075235109718,0.806089743589744,0.861842105263158,0.177115987460815,0.868670886075949,0.815217391304348,0.198142414860681,0.780373831775701,0.873651771956857,0.802527646129542,0.196141479099678,0.998422712933754,0.932618683001531,0.175925925925926,0.817749603803486,0.171521035598705
"12",0.0789049919484702,0.905511811023622,0.0765625,0.0890302066772655,0.114649681528662,0.903328050713154,0.951377633711507,0.915721231766613,0.116169544740973,0.0963665086887836,0.0996835443037975,1,0.879032258064516,0.120578778135048,0.117647058823529,0.0888529886914378,0.931034482758621,0.0396196513470681,0.0780254777070064,0.087378640776699,0.0434782608695652,0.952681388012618,0.119426751592357,0.111459968602826,0.969305331179321,0.936708860759494,0.875605815831987,0.090625,0.735849056603774,0.8859375,0.146831530139104,0.113354037267081,0.915584415584416,0.910094637223975,0.902021772939347,0.886581469648562,0.147011308562197,0.892424242424242,0.0870917573872473,0.0877742946708464,0.116030534351145,0.0743670886075949,0.116584564860427,0.95625,0.112676056338028,0.135646687697161,0.955993930197269,0.0779014308426073,0.904761904761905,0.0965189873417722,0.0901898734177215,0.105919003115265,0.0859375,0.892913385826772,0.116057233704293,0.123595505617978,0.0794912559618442,0.882725832012678,0.0741324921135647,0.107936507936508,0.877934272300469,0.154574132492114,0.0817610062893082,0.112359550561798,0.882636655948553,0.0955414012738854,0.0451010886469673,0.883647798742138,0.104928457869634,0.949919224555735
"13",0.0456769983686786,0.995230524642289,0.0397456279809221,0.117741935483871,0,0.703001579778831,0.942307692307692,0.731270358306189,0.0031201248049922,0,0.188498402555911,0.879032258064516,1,0,0,0.0361842105263158,0.962441314553991,0.0964630225080386,0.0383386581469649,0.159869494290375,0.0970873786407767,0.960753532182104,0,0,0.902479338842975,0.964401294498382,1,0.00315457413249211,0.533117932148627,0.998417721518987,0.0203125,0,0.703764320785597,0.734920634920635,0.998412698412698,0.998405103668262,0.0245098039215686,0.998442367601246,0.0417956656346749,0.0265625,0,0.045016077170418,0.00666666666666667,0.932692307692308,0.0016,0.0144,0.92802450229709,0.0190779014308426,0.958795562599049,0.180354267310789,0.00477707006369427,0,0.0488188976377953,0.993690851735016,0,0,0.0441176470588235,0.998394863563403,0.0377358490566038,0,1,0.0268987341772152,0.0517241379310345,0.00161290322580645,1,0.1856,0.0993788819875776,1,0.00158227848101266,0.937397034596376
"14",0.96742671009772,0.0048,0.96656050955414,0.881329113924051,1,0.287925696594427,0.0528,0.2608,0.998444790046656,1,0.818471337579618,0.120578778135048,0,1,1,0.97092084006462,0.0277349768875193,0.906050955414013,0.968304278922345,0.8464,0.913183279742765,0.0304487179487179,1,1,0.0916530278232406,0.0289855072463768,0,0.996865203761755,0.449275362318841,0.00158730158730159,0.981337480559876,1,0.28,0.254428341384863,0.0015625,0.0016,0.97557003257329,0.00152905198776758,0.964777947932619,0.979750778816199,1,0.966237942122186,0.993399339933993,0.0580645161290323,0.998427672955975,0.988835725677831,0.0684292379471229,0.980922098569157,0.0502354788069074,0.8272,0.995207667731629,1,0.959055118110236,0.0063391442155309,1,1,0.964686998394864,0.00158982511923688,0.97007874015748,1,0,0.973058637083994,0.959438377535101,0.998376623376623,0,0.825471698113208,0.901869158878505,0,0.9984,0.0593080724876442
"15",0.960998439937597,0.00476190476190476,0.963607594936709,0.873417721518987,1,0.293478260869565,0.0568720379146919,0.260731319554849,0.9984375,1,0.81042654028436,0.117647058823529,0,1,1,0.967689822294023,0.0341614906832298,0.904238618524333,0.962025316455696,0.841017488076312,0.906497622820919,0.037037037037037,1,1,0.100638977635783,0.0337078651685393,0,0.996913580246914,0.44391785150079,0.00154083204930663,0.972644376899696,1,0.288888888888889,0.25705329153605,0.0015600624024961,0.00156985871271586,0.976525821596244,0.00148809523809524,0.962006079027356,0.976635514018692,1,0.9568,0.993517017828201,0.061128526645768,0.998420221169036,0.988888888888889,0.0702290076335878,0.98116169544741,0.0496894409937888,0.815165876777251,0.995319812792512,1,0.95679012345679,0.00618238021638331,1,1,0.959871589085072,0.00157728706624606,0.962323390894819,1,0,0.971875,0.953488372093023,0.998392282958199,0,0.813559322033898,0.898119122257053,0,0.998422712933754,0.0650793650793651
"16",0.99344262295082,0.024,0.998392282958199,0.908945686900958,0.974358974358974,0.246794871794872,0.0340909090909091,0.233660130718954,0.966613672496025,0.97427652733119,0.85553772070626,0.0888529886914378,0.0361842105263158,0.97092084006462,0.967689822294023,1,0.00157728706624606,0.945161290322581,1,0.879674796747967,0.947967479674797,0.00163934426229508,0.967585089141005,0.969502407704655,0.0681063122923588,0.00161812297734628,0.0349206349206349,0.982456140350877,0.40655737704918,0.0271132376395534,0.94679186228482,0.973354231974922,0.239024390243902,0.217886178861789,0.0254777070063694,0.0210016155088853,0.939935064935065,0.0259938837920489,0.990461049284579,0.99685534591195,0.964285714285714,0.996753246753247,0.973333333333333,0.0325732899022801,0.967845659163987,0.958064516129032,0.0421875,0.993640699523052,0.0801282051282051,0.858974358974359,0.97752808988764,0.976228209191759,0.985668789808917,0.0223642172523962,0.968051118210863,0.967320261437909,0.993399339933993,0.024390243902439,0.998412698412698,0.973058637083994,0.0300157977883096,0.942307692307692,0.988941548183254,0.971854304635762,0.028892455858748,0.862776025236593,0.938485804416404,0.0302547770700637,0.969793322734499,0.0333333333333333
"17",0.00623052959501558,0.975497702909648,0.00154320987654321,0.0788253477588872,0.0292758089368259,0.764705882352941,0.978361669242658,0.791862284820031,0.0380517503805175,0.0290076335877863,0.133748055987558,0.931034482758621,0.962441314553991,0.0277349768875193,0.0341614906832298,0.00157728706624606,1,0.0487804878048781,0,0.110248447204969,0.0435458786936236,1,0.0342679127725857,0.0321592649310873,0.9488,1,0.963836477987421,0.0194610778443114,0.622083981337481,0.96793893129771,0.0555555555555556,0.0302571860816944,0.783151326053042,0.808411214953271,0.972519083969466,0.975155279503106,0.0588235294117647,0.971641791044776,0.0120481927710843,0.00605143721633888,0.0377643504531722,0.0031201248049922,0.0304975922953451,0.98159509202454,0.0327102803738318,0.0435458786936236,0.971641791044776,0.00622083981337481,0.929663608562691,0.125574272588055,0.0275650842266462,0.0230414746543779,0.0107033639143731,0.973886328725038,0.033587786259542,0.0324074074074074,0.00782472613458529,0.97191887675507,0.00309119010819165,0.0275229357798165,0.969183359013868,0.0590062111801242,0.00911854103343465,0.0296411856474259,0.968454258675079,0.125188536953243,0.0504587155963303,0.969558599695586,0.0353302611367127,0.977671451355662
"18",0.959119496855346,0.0712074303405573,0.949921752738654,0.962323390894819,0.910518053375196,0.195652173913043,0.0897832817337461,0.153354632587859,0.912908242612753,0.917316692667707,0.93125,0.0396196513470681,0.0964630225080386,0.906050955414013,0.904238618524333,0.945161290322581,0.0487804878048781,1,0.947867298578199,0.947368421052632,1,0.0358255451713396,0.908242612752722,0.905426356589147,0.0881410256410256,0.040625,0.102362204724409,0.928792569659443,0.316692667706708,0.0920436817472699,0.894495412844037,0.900611620795107,0.165876777251185,0.148031496062992,0.0647149460708783,0.080370942812983,0.870458135860979,0.0883233532934132,0.947530864197531,0.940909090909091,0.90273556231003,0.953271028037383,0.902555910543131,0.0733229329173167,0.912908242612753,0.909952606635071,0.0751533742331288,0.937597503900156,0.14175654853621,0.9375,0.916666666666667,0.917573872472784,0.954476479514416,0.0860215053763441,0.902021772939347,0.906940063091483,0.955056179775281,0.089644513137558,0.957878315132605,0.912037037037037,0.0950155763239875,0.871517027863777,0.960691823899371,0.901253918495298,0.0874403815580286,0.941358024691358,0.998452012383901,0.0933125972006221,0.907120743034056,0.090032154340836
"19",0.996774193548387,0.026813880126183,1,0.916129032258065,0.968203497615262,0.238170347003155,0.0283464566929134,0.203225806451613,0.960753532182104,0.970404984423676,0.863782051282051,0.0780254777070064,0.0383386581469649,0.968304278922345,0.962025316455696,1,0,0.947867298578199,1,0.890701468189233,0.950080515297907,0,0.960629921259842,0.965408805031447,0.0516962843295638,0,0.0380348652931854,0.979719188767551,0.376835236541599,0.031201248049922,0.945397815912636,0.968701095461659,0.2208,0.197160883280757,0.0297339593114241,0.0284810126582278,0.934102141680395,0.0306748466257669,0.993769470404984,0.993779160186625,0.960183767228178,0.998363338788871,0.965174129353234,0.0287539936102236,0.964343598055105,0.956661316211878,0.0352220520673813,0.990521327014218,0.0746031746031746,0.866141732283465,0.971653543307087,0.973270440251572,0.992199687987519,0.0234741784037559,0.962962962962963,0.960720130932897,0.9968,0.0287081339712919,0.998435054773083,0.969745222929936,0.0327102803738318,0.936,0.995283018867924,0.967373572593801,0.032626427406199,0.873634945397816,0.94375,0.0341614906832298,0.963492063492064,0.0258899676375405
"20",0.902086677367576,0.133757961783439,0.883572567783094,0.96969696969697,0.842356687898089,0.198098256735341,0.152623211446741,0.151612903225806,0.855325914149444,0.843260188087774,0.995137763371151,0.087378640776699,0.159869494290375,0.8464,0.841017488076312,0.879674796747967,0.110248447204969,0.947368421052632,0.890701468189233,1,0.9504,0.0814696485623003,0.841346153846154,0.840510366826156,0.141903171953255,0.0907617504051864,0.172302737520129,0.867716535433071,0.269230769230769,0.163522012578616,0.847003154574132,0.840490797546012,0.143322475570033,0.118971061093248,0.131329113924051,0.128367670364501,0.800978792822186,0.141984732824427,0.882445141065831,0.870716510903427,0.831007751937984,0.898058252427185,0.824120603015075,0.133971291866029,0.853462157809984,0.849683544303797,0.139751552795031,0.875796178343949,0.208267090620032,0.995215311004785,0.849445324881141,0.847266881028939,0.895498392282958,0.150316455696203,0.835703001579779,0.836538461538462,0.889067524115756,0.1504,0.893249607535322,0.842607313195548,0.1664,0.8096,0.895148669796557,0.831189710610932,0.166936790923825,0.998427672955975,0.95141065830721,0.148205928237129,0.843354430379747,0.152350081037277
"21",0.959871589085072,0.0736,0.947368421052632,0.957006369426752,0.91653290529695,0.194053208137715,0.0864779874213836,0.161030595813205,0.915254237288136,0.91283676703645,0.934713375796178,0.0434782608695652,0.0970873786407767,0.913183279742765,0.906497622820919,0.947967479674797,0.0435458786936236,1,0.950080515297907,0.9504,1,0.0329153605015674,0.907936507936508,0.909233176838811,0.088379705400982,0.0417335473515249,0.0992125984251968,0.93026941362916,0.301612903225806,0.0849056603773585,0.897515527950311,0.903225806451613,0.167741935483871,0.151658767772512,0.0670826833073323,0.0796178343949045,0.869067103109656,0.0858895705521472,0.947449768160742,0.935285053929122,0.906976744186046,0.94896331738437,0.903814262023217,0.0753532182103611,0.909667194928685,0.916403785488959,0.078907435508346,0.941823899371069,0.141045958795563,0.938291139240506,0.919129082426128,0.918238993710692,0.957878315132605,0.0832,0.904615384615385,0.906902086677368,0.958064516129032,0.0894819466248038,0.959119496855346,0.912908242612753,0.0919175911251981,0.8712715855573,0.962382445141066,0.905296950240771,0.0842607313195548,0.938485804416404,0.996875,0.0850077279752705,0.909090909090909,0.0838709677419355
"22",0.00464396284829721,0.9734375,0.00157232704402516,0.0637958532695375,0.0317965023847377,0.787735849056604,0.97007874015748,0.81629392971246,0.0396946564885496,0.0329153605015674,0.105263157894737,0.952681388012618,0.960753532182104,0.0304487179487179,0.037037037037037,0.00163934426229508,1,0.0358255451713396,0,0.0814696485623003,0.0329153605015674,1,0.037037037037037,0.035548686244204,0.949919224555735,1,0.959119496855346,0.0214067278287462,0.636650868878357,0.965891472868217,0.0614439324116743,0.0322085889570552,0.808544303797468,0.8140625,0.968992248062015,0.972006220839813,0.0682539682539682,0.96711509715994,0.00927357032457496,0.00609756097560976,0.0412844036697248,0.00158227848101266,0.0361842105263158,0.975193798449612,0.0376175548589342,0.0458135860979463,0.965413533834587,0.0110236220472441,0.924148606811146,0.0996835443037975,0.0309119010819165,0.0279503105590062,0.0108864696734059,0.972972972972973,0.0373250388802488,0.0364500792393027,0.00481540930979133,0.971698113207547,0.00157232704402516,0.033587786259542,0.967136150234742,0.0672926447574335,0.00778816199376947,0.0352,0.963141025641026,0.0985915492957746,0.0368663594470046,0.964506172839506,0.0391849529780564,0.972886762360447
"23",0.961844197138315,0.0031055900621118,0.961844197138315,0.880690737833595,1,0.296411856474259,0.0566037735849057,0.261006289308176,0.998456790123457,1,0.812893081761006,0.119426751592357,0,1,1,0.967585089141005,0.0342679127725857,0.908242612752722,0.960629921259842,0.841346153846154,0.907936507936508,0.037037037037037,1,1,0.0944,0.0335463258785942,0,0.996894409937888,0.463768115942029,0.0015600624024961,0.978851963746224,1,0.293075684380032,0.256329113924051,0.00152671755725191,0.00153846153846154,0.973015873015873,0.00151285930408472,0.962790697674419,0.974006116207951,1,0.957345971563981,0.995073891625616,0.0627943485086342,0.998442367601246,0.988835725677831,0.0732824427480916,0.979365079365079,0.0462249614791988,0.825617283950617,0.996889580093313,1,0.954968944099379,0.00471698113207547,1,1,0.961476725521669,0.00158478605388273,0.962732919254658,1,0,0.970219435736677,0.954968944099379,0.998407643312102,0,0.815217391304348,0.901538461538462,0,0.998444790046656,0.0618066561014263
"24",0.959375,0.00309597523219814,0.966049382716049,0.868544600938967,1,0.280564263322884,0.0577223088923557,0.254372019077901,0.996908809891808,1,0.81591263650546,0.111459968602826,0,1,1,0.969502407704655,0.0321592649310873,0.905426356589147,0.965408805031447,0.840510366826156,0.909233176838811,0.035548686244204,1,1,0.0898876404494382,0.0315457413249211,0,0.998447204968944,0.450704225352113,0.00154083204930663,0.972809667673716,1,0.278219395866455,0.249230769230769,0.00153139356814701,0.00152671755725191,0.971428571428571,0.00148367952522255,0.96141975308642,0.978819969742814,1,0.957210776545166,0.995176848874598,0.0618238021638331,0.998439937597504,0.985959438377535,0.0677710843373494,0.981308411214953,0.0474732006125574,0.823255813953488,0.996918335901387,1,0.953703703703704,0.00470219435736677,1,1,0.962085308056872,0.00156985871271586,0.967592592592593,1,0,0.967692307692308,0.953632148377125,0.998420221169036,0,0.818604651162791,0.903374233128834,0,0.998449612403101,0.0615883306320908
"25",0.0667752442996743,0.925039872408293,0.0487804878048781,0.136065573770492,0.0774299835255354,0.853697749196141,0.978964401294498,0.86970684039088,0.0963665086887836,0.0733652312599681,0.159016393442623,0.969305331179321,0.902479338842975,0.0916530278232406,0.100638977635783,0.0681063122923588,0.9488,0.0881410256410256,0.0516962843295638,0.141903171953255,0.088379705400982,0.949919224555735,0.0944,0.0898876404494382,1,0.954248366013072,0.899513776337115,0.076555023923445,0.684818481848185,0.907496012759171,0.117088607594937,0.0834645669291339,0.851419031719533,0.869067103109656,0.913738019169329,0.909967845659164,0.122923588039867,0.902927580893683,0.0617088607594937,0.061389337641357,0.0938967136150235,0.0509031198686371,0.0868824531516184,0.980645161290323,0.0982286634460548,0.107615894039735,0.980676328502415,0.0622950819672131,0.936274509803922,0.163132137030995,0.0694668820678514,0.0790322580645161,0.0709677419354839,0.917073170731707,0.0909090909090909,0.0998363338788871,0.0563847429519071,0.903814262023217,0.0570962479608483,0.090032154340836,0.900489396411093,0.137704918032787,0.06957928802589,0.0884808013355593,0.902640264026403,0.152139461172742,0.0984126984126984,0.905808477237049,0.0853462157809984,0.98019801980198
"26",0.00636942675159236,0.977848101265823,0,0.0653907496012759,0.0274193548387097,0.771875,0.974522292993631,0.811290322580645,0.0395569620253165,0.0283464566929134,0.116129032258065,0.936708860759494,0.964401294498382,0.0289855072463768,0.0337078651685393,0.00161812297734628,1,0.040625,0,0.0907617504051864,0.0417335473515249,1,0.0335463258785942,0.0315457413249211,0.954248366013072,1,0.963665086887836,0.0190779014308426,0.628205128205128,0.971653543307087,0.0558139534883721,0.0299684542586751,0.790322580645161,0.817322834645669,0.9734375,0.976076555023923,0.067741935483871,0.970903522205207,0.0108359133126935,0.00783699059561128,0.0364741641337386,0.00159489633173844,0.033112582781457,0.984051036682616,0.0332278481012658,0.0427215189873418,0.970858895705521,0.00792393026941363,0.922834645669291,0.111821086261981,0.0278637770897833,0.0257234726688103,0.0109546165884194,0.976038338658147,0.0358255451713396,0.0325732899022801,0.00487012987012987,0.975649350649351,0.00157977883096367,0.0268987341772152,0.970125786163522,0.062992125984252,0.00793650793650794,0.0294117647058824,0.966183574879227,0.10952380952381,0.0452418096723869,0.967084639498433,0.0376766091051805,0.974025974025974
"27",0.0427892234548336,0.998425196850394,0.0384615384615385,0.141945773524721,0,0.70625,0.941176470588235,0.733870967741935,0.0031496062992126,0,0.202229299363057,0.875605815831987,1,0,0,0.0349206349206349,0.963836477987421,0.102362204724409,0.0380348652931854,0.172302737520129,0.0992125984251968,0.959119496855346,0,0,0.899513776337115,0.963665086887836,1,0.00156985871271586,0.540192926045016,1,0.0262751159196291,0,0.703049759229534,0.738853503184713,0.998432601880878,0.998427672955975,0.0304487179487179,1,0.0400616332819723,0.0246913580246914,0,0.0446570972886762,0.00328947368421053,0.933014354066986,0,0.0125984251968504,0.925581395348837,0.0190174326465927,0.952904238618524,0.194006309148265,0.0015748031496063,0,0.0502354788069074,0.996810207336523,0,0,0.0419354838709677,1,0.0376766091051805,0,1,0.0335463258785942,0.0503937007874016,0,1,0.19751166407465,0.106646058732612,1,0,0.938009787928222
"28",0.974921630094044,0,0.98310291858679,0.901716068642746,0.996908809891808,0.263888888888889,0.0415384615384615,0.228043143297381,0.995454545454545,1,0.841538461538462,0.090625,0.00315457413249211,0.996865203761755,0.996913580246914,0.982456140350877,0.0194610778443114,0.928792569659443,0.979719188767551,0.867716535433071,0.93026941362916,0.0214067278287462,0.996894409937888,0.998447204968944,0.076555023923445,0.0190779014308426,0.00156985871271586,1,0.414596273291925,0,0.974085365853659,0.998498498498498,0.254746835443038,0.221705426356589,0.00151515151515152,0,0.967136150234742,0.00148588410104012,0.977511244377811,0.989425981873112,0.998489425981873,0.976489028213166,1,0.046875,0.998456790123457,0.989180834621329,0.057315233785822,0.992248062015504,0.0465116279069767,0.845440494590417,1,1,0.972685887708649,0,0.996974281391831,0.996884735202492,0.978159126365055,0.00154559505409583,0.983128834355828,0.998473282442748,0.00310077519379845,0.961180124223602,0.97360248447205,0.998415213946117,0.0015552099533437,0.843465045592705,0.927162367223065,0.00151285930408472,0.998459167950693,0.0448
"29",0.387820512820513,0.580343213728549,0.378763866877971,0.291798107255521,0.4448,0.866352201257862,0.629213483146067,0.840130505709625,0.427892234548336,0.43968253968254,0.249602543720191,0.735849056603774,0.533117932148627,0.449275362318841,0.44391785150079,0.40655737704918,0.622083981337481,0.316692667706708,0.376835236541599,0.269230769230769,0.301612903225806,0.636650868878357,0.463768115942029,0.450704225352113,0.684818481848185,0.628205128205128,0.540192926045016,0.414596273291925,1,0.546875,0.445121951219512,0.447692307692308,0.877388535031847,0.881141045958796,0.57433489827856,0.541666666666667,0.495222929936306,0.544494720965309,0.401253918495298,0.403453689167975,0.454263565891473,0.37156704361874,0.436781609195402,0.664566929133858,0.426751592356688,0.436305732484076,0.666153846153846,0.394863563402889,0.602523659305994,0.262992125984252,0.4140625,0.420970266040689,0.387596899224806,0.557120500782473,0.458267716535433,0.464630225080386,0.371335504885993,0.551505546751189,0.383886255924171,0.429906542056075,0.525660964230171,0.5008,0.368839427662957,0.448220064724919,0.531300160513644,0.251572327044025,0.320373250388802,0.549844236760125,0.440438871473354,0.658022690437601
"30",0.0348101265822785,0.998461538461539,0.0344827586206897,0.119751166407465,0.0015600624024961,0.715610510046368,0.944012441679627,0.744514106583072,0.00153139356814701,0,0.183925811437403,0.8859375,0.998417721518987,0.00158730158730159,0.00154083204930663,0.0271132376395534,0.96793893129771,0.0920436817472699,0.031201248049922,0.163522012578616,0.0849056603773585,0.965891472868217,0.0015600624024961,0.00154083204930663,0.907496012759171,0.971653543307087,1,0,0.546875,1,0.0245398773006135,0.00151057401812689,0.718799368088468,0.7453125,1,1,0.0297805642633229,1,0.0286144578313253,0.0214723926380368,0.00148588410104012,0.0381558028616852,0.00158478605388273,0.935837245696401,0,0.0123647604327666,0.929640718562874,0.0171339563862928,0.953775038520801,0.180404354587869,0.00151745068285281,0,0.0412213740458015,0.998456790123457,0.00151285930408472,0.00157728706624606,0.031496062992126,1,0.0291858678955453,0,0.998477929984779,0.0323076923076923,0.0404354587869362,0,1,0.18030303030303,0.0898021308980213,1,0,0.939252336448598
"31",0.940993788819876,0.0229357798165138,0.938176197836167,0.888540031397174,0.970769230769231,0.321592649310873,0.0844854070660522,0.291993720565149,0.984802431610942,0.97112462006079,0.818042813455658,0.146831530139104,0.0203125,0.981337480559876,0.972644376899696,0.94679186228482,0.0555555555555556,0.894495412844037,0.945397815912636,0.847003154574132,0.897515527950311,0.0614439324116743,0.978851963746224,0.972809667673716,0.117088607594937,0.0558139534883721,0.0262751159196291,0.974085365853659,0.445121951219512,0.0245398773006135,1,0.974203338391502,0.303543913713405,0.274119448698315,0.0182370820668693,0.013595166163142,0.964396284829721,0.0234260614934114,0.944940476190476,0.948406676783004,0.973094170403587,0.934681181959565,0.968051118210863,0.0872894333843798,0.970992366412214,0.987577639751553,0.0961538461538462,0.955521472392638,0.0784313725490196,0.819571865443425,0.967791411042945,0.970724191063174,0.947526236881559,0.0278637770897833,0.974436090225564,0.978328173374613,0.947535771065183,0.0199386503067485,0.938744257274119,0.972768532526475,0.0260336906584992,0.964560862865948,0.943511450381679,0.97191887675507,0.0216049382716049,0.818740399385561,0.891207153502235,0.0121765601217656,0.970903522205207,0.0900621118012422
"32",0.964506172839506,0.00307692307692308,0.969604863221885,0.87211093990755,1,0.28030303030303,0.0520673813169985,0.255451713395639,0.998484848484849,1,0.812111801242236,0.113354037267081,0,1,1,0.973354231974922,0.0302571860816944,0.900611620795107,0.968701095461659,0.840490797546012,0.903225806451613,0.0322085889570552,1,1,0.0834645669291339,0.0299684542586751,0,0.998498498498498,0.447692307692308,0.00151057401812689,0.974203338391502,1,0.281200631911532,0.249216300940439,0.0015015015015015,0.00153139356814701,0.972477064220184,0.00145985401459854,0.966917293233083,0.981679389312977,1,0.963076923076923,0.995207667731629,0.0569230769230769,0.998449612403101,0.987538940809969,0.0629685157421289,0.984591679506934,0.0425531914893617,0.818740399385561,0.996923076923077,1,0.959276018099548,0.00464396284829721,1,1,0.966929133858268,0.00155038759689922,0.970814132104455,1,0,0.970633693972179,0.956589147286822,0.998422712933754,0,0.818181818181818,0.896084337349398,0,0.998452012383901,0.0520504731861199
"33",0.231139646869984,0.73961661341853,0.220949263502455,0.186991869918699,0.281098546042003,0.966719492868463,0.800970873786408,0.9904,0.259904912836767,0.267716535433071,0.128980891719745,0.915584415584416,0.703764320785597,0.28,0.288888888888889,0.239024390243902,0.783151326053042,0.165876777251185,0.2208,0.143322475570033,0.167741935483871,0.808544303797468,0.293075684380032,0.278219395866455,0.851419031719533,0.790322580645161,0.703049759229534,0.254746835443038,0.877388535031847,0.718799368088468,0.303543913713405,0.281200631911532,1,1,0.737007874015748,0.727707006369427,0.326298701298701,0.719083969465649,0.240126382306477,0.238244514106583,0.290372670807453,0.205787781350482,0.284297520661157,0.817891373801917,0.264752791068581,0.2768,0.8265625,0.2352,0.763578274760383,0.140127388535032,0.258215962441315,0.257911392405063,0.225908372827804,0.7312,0.297637795275591,0.296116504854369,0.220588235294118,0.710823909531502,0.222397476340694,0.262243285939968,0.705329153605016,0.32695374800638,0.222222222222222,0.28130081300813,0.706451612903226,0.13015873015873,0.170347003154574,0.705696202531646,0.273015873015873,0.820554649265905
"34",0.201587301587302,0.774647887323944,0.195583596214511,0.168224299065421,0.253588516746411,0.963722397476341,0.828393135725429,0.988709677419355,0.233281493001555,0.233542319749216,0.10952380952381,0.910094637223975,0.734920634920635,0.254428341384863,0.25705329153605,0.217886178861789,0.808411214953271,0.148031496062992,0.197160883280757,0.118971061093248,0.151658767772512,0.8140625,0.256329113924051,0.249230769230769,0.869067103109656,0.817322834645669,0.738853503184713,0.221705426356589,0.881141045958796,0.7453125,0.274119448698315,0.249216300940439,1,1,0.761904761904762,0.755102040816326,0.295527156549521,0.746969696969697,0.2140625,0.217592592592593,0.258805513016845,0.182965299684543,0.244224422442244,0.833333333333333,0.244929797191888,0.249602543720191,0.840361445783133,0.213063763608087,0.783151326053042,0.119751166407465,0.230407523510972,0.235478806907378,0.210445468509985,0.765258215962441,0.2578125,0.263910969793323,0.197431781701445,0.746388443017656,0.199687987519501,0.242990654205607,0.733017377567141,0.310126582278481,0.202808112324493,0.261290322580645,0.733652312599681,0.1109375,0.153724247226624,0.736349453978159,0.238244514106583,0.848780487804878
