"","V1","V2","V3","V4","V5","V6","V7","V8","V9","V10","V11","V12","V13","V14","V15","V16","V17","V18","V19","V20","V21","V22","V23","V24","V25","V26","V27","V28","V29","V30","V31","V32","V33","V34","V35","V36","V37","V38","V39","V40","V41","V42","V43","V44","V45","V46","V47","V48","V49","V50","V51","V52","V53","V54","V55","V56","V57","V58","V59","V60","V61","V62","V63","V64","V65","V66","V67","V68","V69","V70"
"1",1,0,0.744360902255639,0.56441717791411,0.0379746835443038,0.00324675324675325,0,0,0.596006144393241,0.064873417721519,0.894899536321484,0,0.105421686746988,0.0417310664605873,0.00458015267175573,0.152439024390244,0,0.910658307210031,0.93312101910828,0.88646967340591,0.904984423676013,0,0.0379362670713202,0.0122137404580153,0,0,0.0258358662613982,0.0581761006289308,0,0.0280373831775701,0.0952380952380952,0.0182094081942337,0,0,0,0,0.00157232704402516,0,0.795981452859351,0.113354037267081,0.0031055900621118,0.708333333333333,0.168437025796662,0,0.0416024653312789,0.485362095531587,0.00308166409861325,0.188163884673748,0.833597464342314,0.901664145234493,0.13767019667171,0.0628834355828221,0.905808477237049,0,0.0384024577572965,0.00151515151515152,0.869218500797448,0,0.438202247191011,0.0596546310832025,0.0201550387596899,0.00155038759689922,1,0.0596546310832025,0.0289193302891933,0.887675507020281,0.89618320610687,0.0233644859813084,0.0634674922600619,0.346811819595645
"2",0,1,0,0,0,0.00821018062397373,0.146774193548387,0.20094191522763,0,0,0,0.159935379644588,0.294298921417565,0,0,0,0.840944881889764,0,0,0,0,0.853080568720379,0,0,0.130718954248366,0.820097244732577,0.451010886469673,0,0.0484375,0.412974683544304,0.00154798761609907,0,0.129890453834116,0.105100463678516,0.976599063962558,0.987519500780031,0,0.493023255813954,0,0,0,0,0,0.103833865814696,0,0,0.0842607313195548,0,0,0,0,0,0,0.993640699523052,0,0.00153374233128834,0,0.859154929577465,0,0,0.385826771653543,0.0016025641025641,0,0,0.414826498422713,0,0,0.409090909090909,0,0.132075471698113
"3",0.744360902255639,0,1,0.473520249221184,0.136217948717949,0.00165289256198347,0,0,0.471317829457364,0.206299212598425,0.594761171032357,0,0.0199081163859112,0.158385093167702,0.0403726708074534,0.4,0,0.602523659305994,0.805422647527911,0.608359133126935,0.596518987341772,0,0.127329192546584,0.0591805766312595,0,0,0,0.189655172413793,0,0,0.0645161290322581,0.0634441087613293,0,0,0,0,0.00158227848101266,0,0.7953125,0.357585139318885,0.0486656200941915,0.989028213166144,0.337899543378995,0,0.1671826625387,0.423861852433281,0,0.476550680786687,0.535545023696682,0.606811145510836,0.349544072948328,0.193343898573693,0.655660377358491,0,0.145482388973966,0.00151057401812689,0.8704,0,0.5472,0.173566878980892,0,0.00158478605388273,0.728110599078341,0.191153238546603,0,0.600308641975309,0.621329211746522,0,0.210361067503925,0.127692307692308
"4",0.56441717791411,0,0.473520249221184,1,0.318037974683544,0.14975845410628,0.103448275862069,0.0715372907153729,0.812018489984592,0.302694136291601,0.510835913312694,0.0620031796502385,0.0243531202435312,0.340943683409437,0.265210608424337,0.445454545454545,0.00462249614791988,0.537383177570093,0.62760834670947,0.526479750778816,0.514774494556765,0.00156494522691706,0.326120556414219,0.275650842266462,0.0922098569157393,0.0015600624024961,0.0153609831029186,0.317683881064163,0.0448916408668731,0.00628930817610063,0.494573643410853,0.131818181818182,0.0552147239263804,0.0382262996941896,0,0,0.149206349206349,0,0.643423137876387,0.3859375,0.29375,0.576506955177743,0.386153846153846,0.0432766615146832,0.317683881064163,0.403755868544601,0.0653188180404355,0.372699386503067,0.523510971786834,0.551020408163265,0.312024353120244,0.267496111975117,0.613707165109034,0,0.358024691358025,0.0794602698650675,0.647727272727273,0,0.286168521462639,0.298107255520505,0.0030441400304414,0.1078125,0.585403726708075,0.32484076433121,0.00619195046439629,0.483568075117371,0.525835866261398,0.00469483568075117,0.315457413249211,0.37888198757764
"5",0.0379746835443038,0,0.136217948717949,0.318037974683544,1,0.155371900826446,0.0179738562091503,0.019047619047619,0.423263327948304,0.901153212520593,0.00632911392405063,0.0230263157894737,0,0.990445859872611,0.807692307692308,0.732704402515723,0,0.0112,0.0892561983471074,0.00789889415481832,0.0112,0,0.9456,0.895071542130366,0.0328407224958949,0,0,0.921221864951768,0.10031847133758,0,0.31637519872814,0.481072555205047,0.0397456279809221,0.0454545454545455,0,0,0.269421487603306,0,0.1104,0.777059773828756,0.800322061191626,0.178125,0.773015873015873,0.00322061191626409,0.963081861958267,0.012779552715655,0.00314465408805031,0.650546021840874,0.00325732899022801,0.00806451612903226,0.772655007949126,0.906148867313916,0.0223642172523962,0,0.988817891373802,0.194704049844237,0.100164203612479,0,0.0199004975124378,0.922077922077922,0,0.185483870967742,0.0369774919614148,0.932676518883415,0,0.00966183574879227,0.0094488188976378,0,0.921221864951768,0.00318979266347687
"6",0.00324675324675325,0.00821018062397373,0.00165289256198347,0.14975845410628,0.155371900826446,1,0.85831960461285,0.789889415481833,0.0476190476190476,0.0871021775544389,0,0.845117845117845,0,0.146103896103896,0.343548387096774,0.0325732899022801,0.171749598715891,0,0.00168067226890756,0,0,0.178752107925801,0.20327868852459,0.239165329052969,0.875,0.201639344262295,0.00483870967741936,0.0895765472312704,0.92891760904685,0,0.709470304975923,0.135350318471338,0.8704,0.8768,0,0,0.912162162162162,0,0.0233333333333333,0.0470016207455429,0.325082508250825,0.00327868852459016,0.0305466237942122,0.746774193548387,0.131011608623549,0.0264462809917355,0.505672609400324,0.0290322580645161,0.0101180438448567,0,0.0368589743589744,0.0895765472312704,0.00327332242225859,0.0032626427406199,0.15927750410509,0.919685039370079,0.00501672240802676,0,0.00672268907563025,0.0913621262458472,0,0.973770491803279,0.00163132137030995,0.11,0,0,0,0,0.0844370860927152,0.0410509031198686
"7",0,0.146774193548387,0,0.103448275862069,0.0179738562091503,0.85831960461285,1,0.948598130841122,0.00317460317460317,0.00161812297734628,0,0.978861788617886,0,0.0171875,0.163522012578616,0,0.354330708661417,0,0,0,0,0.353420195439739,0.0442338072669826,0.0940988835725678,0.9936,0.378763866877971,0.0409448818897638,0.00158730158730159,0.859154929577465,0.00798722044728434,0.624420401854714,0.0522273425499232,0.965678627145086,0.91271056661562,0.117739403453689,0.130781499202552,0.735483870967742,0.0216049382716049,0.0129032258064516,0,0.153846153846154,0,0,0.841269841269841,0.00476947535771065,0.033175355450237,0.578525641025641,0,0.016,0.00316957210776545,0,0.00156739811912226,0,0.159810126582278,0.0190779014308426,0.753846153846154,0.0016366612111293,0.0700934579439252,0.00328407224958949,0.00161030595813205,0,0.807692307692308,0,0.00805152979066022,0.00469483568075117,0,0,0.0016,0.0016,0.0708661417322835
"8",0,0.20094191522763,0,0.0715372907153729,0.019047619047619,0.789889415481833,0.948598130841122,1,0.00154320987654321,0,0,0.967136150234742,0,0.0184615384615385,0.148837209302326,0,0.421374045801527,0,0,0,0,0.429017160686427,0.0460829493087558,0.0987654320987654,0.934883720930233,0.458990536277603,0.030441400304414,0,0.830769230769231,0.00622083981337481,0.581039755351682,0.0254110612855007,0.938837920489297,0.894817073170732,0.154198473282443,0.178899082568807,0.676145339652449,0.0166414523449319,0.00157232704402516,0,0.150943396226415,0,0,0.776234567901235,0.00311526479750779,0.0109204368174727,0.509230769230769,0,0.00156739811912226,0,0,0,0,0.217928902627512,0.0220472440944882,0.714714714714715,0,0.0972222222222222,0.00157977883096367,0,0.00153139356814701,0.761609907120743,0,0.00788643533123028,0.00457317073170732,0,0,0.00155038759689922,0,0.0529595015576324
"9",0.596006144393241,0,0.471317829457364,0.812018489984592,0.423263327948304,0.0476190476190476,0.00317460317460317,0.00154320987654321,1,0.411290322580645,0.514913657770801,0.00159744408945687,0.0122699386503067,0.421052631578947,0.358490566037736,0.501557632398754,0,0.545171339563863,0.64951768488746,0.493788819875776,0.527472527472527,0,0.433021806853583,0.375776397515528,0.0046875,0,0.00464396284829721,0.407051282051282,0.015600624024961,0.00159489633173844,0.363354037267081,0.228787878787879,0.00307219662058372,0,0,0,0.0928,0,0.636655948553055,0.447204968944099,0.383540372670807,0.539184952978056,0.505392912172573,0.0031201248049922,0.434439178515008,0.358814352574103,0.0123839009287926,0.459167950693374,0.484076433121019,0.518110236220472,0.427480916030534,0.363067292644757,0.582938388625592,0,0.421383647798742,0.047040971168437,0.685064935064935,0,0.27140549273021,0.398387096774194,0,0.0503937007874016,0.608964451313756,0.388888888888889,0.00153374233128834,0.458135860979463,0.497659906396256,0.00157977883096367,0.40506329113924,0.296238244514107
"10",0.064873417721519,0,0.206299212598425,0.302694136291601,0.901153212520593,0.0871021775544389,0.00161812297734628,0,0.411290322580645,1,0.0271565495207668,0,0,0.898089171974522,0.686495176848875,0.810593900481541,0,0.0275080906148867,0.108910891089109,0.0258064516129032,0.0286168521462639,0,0.844197138314785,0.793977812995246,0.0113085621970921,0,0,1,0.0612903225806452,0,0.236133122028526,0.419906687402799,0.00782472613458529,0.0125984251968504,0,0,0.195723684210526,0,0.0998389694041868,0.845659163987138,0.681744749596123,0.237560192616372,0.881141045958796,0,0.894563426688633,0.00809061488673139,0,0.764521193092622,0.00646203554119548,0.0288,0.884735202492212,0.998376623376623,0.0439739413680782,0,0.901430842607313,0.11937984496124,0.115894039735099,0,0.028006589785832,1,0,0.122516556291391,0.0613207547169811,0.968386023294509,0,0.0272873194221509,0.0327613104524181,0,0.998394863563403,0
"11",0.894899536321484,0,0.594761171032357,0.510835913312694,0.00632911392405063,0,0,0,0.514913657770801,0.0271565495207668,1,0,0.220338983050847,0.0046801872074883,0,0.0757341576506955,0,0.989045383411581,0.8,1,0.9858934169279,0,0.00775193798449612,0.00154083204930663,0,0,0.11875,0.0206022187004754,0,0.113385826771654,0.0719754977029096,0.00461538461538462,0,0,0,0,0,0.0290964777947933,0.662538699690402,0.0462962962962963,0.0015600624024961,0.562305295950156,0.0801232665639445,0,0.0124223602484472,0.429699842022117,0.00627943485086342,0.0815384615384615,0.929022082018927,0.995334370139969,0.0559757942511346,0.0249609984399376,0.947368421052632,0,0.00782472613458529,0,0.731511254019293,0,0.350961538461538,0.0221169036334913,0.102803738317757,0,0.900311526479751,0.0176565008025682,0.108191653786708,1,0.990654205607477,0.120443740095087,0.0235478806907378,0.494573643410853
"12",0,0.159935379644588,0,0.0620031796502385,0.0230263157894737,0.845117845117845,0.978861788617886,0.967136150234742,0.00159744408945687,0,0,1,0,0.0209003215434084,0.165064102564103,0,0.374009508716323,0,0,0,0,0.375203915171289,0.0483091787439614,0.105431309904153,0.982171799027553,0.405844155844156,0.0208,0,0.874801901743265,0.00324675324675325,0.5632,0.0481366459627329,0.9826224328594,0.9424,0.126382306477093,0.140350877192982,0.735294117647059,0.0109546165884194,0.00162074554294976,0,0.161648177496038,0,0,0.819935691318328,0.00321027287319422,0.0113268608414239,0.548231511254019,0,0.00161812297734628,0,0,0,0,0.153721682847896,0.0245098039215686,0.76875,0,0.0636215334420881,0.00165837479270315,0,0,0.811382113821138,0,0.00836120401337793,0.00156985871271586,0,0,0.00161290322580645,0,0.036741214057508
"13",0.105421686746988,0.294298921417565,0.0199081163859112,0.0243531202435312,0,0,0,0,0.0122699386503067,0,0.220338983050847,0,1,0,0,0,0.0887218045112782,0.199074074074074,0.0490506329113924,0.21580547112462,0.195718654434251,0.106180665610143,0,0,0,0.0784615384615385,0.800911854103343,0,0,0.874622356495468,0,0,0,0,0.333836858006042,0.304747320061256,0,0.797297297297297,0.0263975155279503,0,0,0.0244274809160305,0,0,0,0.0139751552795031,0,0,0.190993788819876,0.199074074074074,0,0,0.158950617283951,0.311926605504587,0,0,0.0348101265822785,0.419601837672282,0.00789889415481832,0,0.951293759512938,0,0.107738998482549,0,0.875757575757576,0.223744292237443,0.207831325301205,0.88125,0,0.560790273556231
"14",0.0417310664605873,0,0.158385093167702,0.340943683409437,0.990445859872611,0.146103896103896,0.0171875,0.0184615384615385,0.421052631578947,0.898089171974522,0.0046801872074883,0.0209003215434084,0,1,0.788018433179724,0.757296466973886,0,0.0128,0.0838709677419355,0.00928792569659443,0.0107692307692308,0,0.934477379095164,0.872868217054264,0.0280811232449298,0,0,0.911353032659409,0.0948678071539658,0,0.331278890600925,0.472429210134128,0.0353846153846154,0.0428790199081164,0,0,0.252396166134185,0,0.108527131782946,0.796610169491525,0.7765625,0.205007824726135,0.783018867924528,0.00156739811912226,0.950233281493002,0.0124223602484472,0.00310077519379845,0.668683812405446,0.00619195046439629,0.0110410094637224,0.773006134969325,0.897196261682243,0.028436018957346,0,1,0.183890577507599,0.0944,0,0.0258899676375405,0.909810126582278,0,0.184542586750789,0.0415384615384615,0.933227344992051,0,0.0138888888888889,0.0139318885448916,0,0.915094339622642,0.00308166409861325
"15",0.00458015267175573,0,0.0403726708074534,0.265210608424337,0.807692307692308,0.343548387096774,0.163522012578616,0.148837209302326,0.358490566037736,0.686495176848875,0,0.165064102564103,0,0.788018433179724,1,0.500765696784073,0.00152905198776758,0,0.0261011419249592,0,0,0,0.834365325077399,0.911901081916538,0.17879746835443,0,0,0.705511811023622,0.307453416149068,0,0.460949464012251,0.561270801815431,0.211890243902439,0.237730061349693,0,0,0.475728155339806,0,0.0546021840873635,0.536891679748823,0.99375,0.0599369085173502,0.546850998463902,0.114906832298137,0.795348837209302,0.0126984126984127,0.0631911532385466,0.458143074581431,0.00159744408945687,0,0.554878048780488,0.675548589341693,0.0015748031496063,0,0.769592476489028,0.449624060150376,0.0414673046251994,0,0.0130293159609121,0.710443037974684,0,0.390822784810127,0.0046656298600311,0.709728867623604,0,0,0,0,0.670826833073323,0.0046801872074883
"16",0.152439024390244,0,0.4,0.445454545454545,0.732704402515723,0.0325732899022801,0,0,0.501557632398754,0.810593900481541,0.0757341576506955,0,0,0.757296466973886,0.500765696784073,1,0,0.0864197530864197,0.235294117647059,0.0856269113149847,0.0856697819314642,0,0.691019786910198,0.614329268292683,0,0,0,0.81832298136646,0.00609756097560976,0,0.266563944530046,0.301043219076006,0,0,0,0,0.0881410256410256,0,0.234375,0.990610328638498,0.518633540372671,0.46594427244582,0.911450381679389,0,0.738863287250384,0.0688575899843505,0,0.896551724137931,0.0416,0.0863422291993721,0.910197869101979,0.814465408805031,0.137285491419657,0,0.77947932618683,0.027190332326284,0.219709208400646,0,0.125806451612903,0.800947867298578,0,0.0407523510971787,0.153139356814701,0.82120253164557,0,0.0819165378670788,0.098310291858679,0,0.842024539877301,0.0166163141993958
"17",0,0.840944881889764,0,0.00462249614791988,0,0.171749598715891,0.354330708661417,0.421374045801527,0,0,0,0.374009508716323,0.0887218045112782,0,0.00152905198776758,0,1,0,0,0,0,0.98125,0,0,0.340694006309148,0.990740740740741,0.254518072289157,0,0.234303215926493,0.210526315789474,0.0547112462006079,0,0.334332833583208,0.297090352220521,0.771251931993818,0.802795031055901,0.0685805422647528,0.294910179640719,0,0,0.0015527950310559,0,0,0.318818040435459,0,0.0077639751552795,0.198767334360555,0,0,0,0,0,0,0.795698924731183,0,0.133633633633634,0,0.696923076923077,0,0,0.160550458715596,0.154446177847114,0,0,0.203363914373089,0,0,0.217054263565891,0,0.0892307692307692
"18",0.910658307210031,0,0.602523659305994,0.537383177570093,0.0112,0,0,0,0.545171339563863,0.0275080906148867,0.989045383411581,0,0.199074074074074,0.0128,0,0.0864197530864197,0,1,0.830618892508143,0.984520123839009,1,0,0.0139751552795031,0.0015527950310559,0,0,0.0972222222222222,0.0283018867924528,0,0.102362204724409,0.0634674922600619,0.00609756097560976,0,0,0,0,0,0.0201550387596899,0.681744749596123,0.0602218700475436,0.00159235668789809,0.568535825545171,0.100156494522692,0,0.015600624024961,0.442675159235669,0.00473186119873817,0.0996884735202492,0.925396825396825,0.981102362204724,0.0697674418604651,0.0299212598425197,0.957278481012658,0,0.0139968895800933,0,0.761827079934747,0,0.36038961038961,0.0227272727272727,0.0904836193447738,0,0.909657320872274,0.0226171243941842,0.0924764890282132,0.985781990521327,0.990783410138249,0.103448275862069,0.0312989045383412,0.482059282371295
"19",0.93312101910828,0,0.805422647527911,0.62760834670947,0.0892561983471074,0.00168067226890756,0,0,0.64951768488746,0.108910891089109,0.8,0,0.0490506329113924,0.0838709677419355,0.0261011419249592,0.235294117647059,0,0.830618892508143,1,0.808441558441558,0.828200972447326,0,0.080824088748019,0.0410094637223975,0,0,0.00162074554294976,0.108019639934534,0,0,0.123397435897436,0.0250783699059561,0,0,0,0,0.00164203612479475,0,0.871753246753247,0.187908496732026,0.032520325203252,0.786069651741294,0.219745222929936,0,0.083743842364532,0.495081967213115,0.00481540930979133,0.274447949526814,0.752459016393443,0.810679611650485,0.186495176848875,0.106209150326797,0.869281045751634,0,0.0834697217675941,0.00156739811912226,0.921404682274248,0,0.474209650582363,0.0943089430894309,0,0.00162337662337662,0.931419457735247,0.106844741235392,0.00158227848101266,0.80064829821718,0.819063004846527,0,0.108589951377634,0.32741935483871
"20",0.88646967340591,0,0.608359133126935,0.526479750778816,0.00789889415481832,0,0,0,0.493788819875776,0.0258064516129032,1,0,0.21580547112462,0.00928792569659443,0,0.0856269113149847,0,0.984520123839009,0.808441558441558,1,0.982594936708861,0,0.0110062893081761,0.00155763239875389,0,0,0.113178294573643,0.0232919254658385,0,0.109907120743034,0.080370942812983,0.0015220700152207,0,0,0,0,0,0.0350609756097561,0.667194928684628,0.0518867924528302,0.00158730158730159,0.570063694267516,0.0911949685534591,0,0.0139751552795031,0.44006309148265,0.00474683544303797,0.0854961832061069,0.921221864951768,0.990551181102362,0.0627871362940276,0.0250783699059561,0.949843260188088,0,0.00941915227629513,0,0.745954692556634,0,0.366288492706645,0.0192307692307692,0.098310291858679,0,0.894245723172628,0.0193548387096774,0.107033639143731,1,0.990625,0.117554858934169,0.0236593059936909,0.482170542635659
"21",0.904984423676013,0,0.596518987341772,0.514774494556765,0.0112,0,0,0,0.527472527472527,0.0286168521462639,0.9858934169279,0,0.195718654434251,0.0107692307692308,0,0.0856697819314642,0,1,0.828200972447326,0.982594936708861,1,0,0.0110759493670886,0.0031201248049922,0,0,0.0967238689547582,0.0252365930599369,0,0.103174603174603,0.0755905511811024,0.00458715596330275,0,0,0,0,0,0.0290519877675841,0.688783570300158,0.055379746835443,0.00158478605388273,0.573899371069182,0.0936507936507937,0,0.0157728706624606,0.43171114599686,0.00643086816720257,0.106153846153846,0.928,0.976452119309262,0.0644171779141104,0.0299212598425197,0.955625990491284,0,0.00947867298578199,0,0.762987012987013,0,0.363489499192246,0.0193861066235864,0.0921875,0,0.908950617283951,0.0244299674267101,0.0984615384615385,0.982456140350877,0.990697674418605,0.105511811023622,0.023696682464455,0.47196261682243
"22",0,0.853080568720379,0,0.00156494522691706,0,0.178752107925801,0.353420195439739,0.429017160686427,0,0,0,0.375203915171289,0.106180665610143,0,0,0,0.98125,0,0,0,0,1,0,0,0.336538461538462,0.990384615384615,0.282131661442006,0,0.224683544303797,0.245222929936306,0.0609375,0,0.320813771517997,0.286158631415241,0.782539682539683,0.823712948517941,0.0660225442834139,0.334365325077399,0,0,0,0,0,0.29559748427673,0,0.00160513643659711,0.171974522292994,0,0,0,0,0,0,0.813804173354735,0,0.116923076923077,0,0.65615141955836,0,0,0.193146417445483,0.156050955414013,0,0,0.239263803680982,0,0,0.238325281803543,0,0.0681458003169572
"23",0.0379362670713202,0,0.127329192546584,0.326120556414219,0.9456,0.20327868852459,0.0442338072669826,0.0460829493087558,0.433021806853583,0.844197138314785,0.00775193798449612,0.0483091787439614,0,0.934477379095164,0.834365325077399,0.691019786910198,0,0.0139751552795031,0.080824088748019,0.0110062893081761,0.0110759493670886,0,1,0.951863354037267,0.0507131537242472,0,0,0.864353312302839,0.146189735614308,0,0.361963190184049,0.519519519519519,0.073959938366718,0.0829493087557604,0,0,0.332258064516129,0,0.111111111111111,0.719188767550702,0.835703001579779,0.184375,0.747678018575851,0.009375,0.897798742138365,0.019047619047619,0.00782472613458529,0.641653905053599,0.00632911392405063,0.0139968895800933,0.753445635528331,0.841121495327103,0.0284810126582278,0,0.918335901386749,0.254931714719272,0.0936995153473344,0,0.0271132376395534,0.86833855799373,0,0.241758241758242,0.0372670807453416,0.859223300970874,0,0.0144,0.014018691588785,0,0.855140186915888,0.0046583850931677
"24",0.0122137404580153,0,0.0591805766312595,0.275650842266462,0.895071542130366,0.239165329052969,0.0940988835725678,0.0987654320987654,0.375776397515528,0.793977812995246,0.00154083204930663,0.105431309904153,0,0.872868217054264,0.911901081916538,0.614329268292683,0,0.0015527950310559,0.0410094637223975,0.00155763239875389,0.0031201248049922,0,0.951863354037267,1,0.107765451664025,0,0,0.826833073322933,0.212307692307692,0,0.39236641221374,0.523449319213313,0.126524390243902,0.144171779141104,0,0,0.394276629570747,0,0.0537124802527646,0.653250773993808,0.922098569157393,0.101088646967341,0.67741935483871,0.0294573643410853,0.840245775729647,0.00625978090766823,0.0124223602484472,0.570570570570571,0.00156494522691706,0,0.686635944700461,0.793478260869565,0.0078003120124805,0,0.8640625,0.317220543806647,0.0419354838709677,0,0.0063391442155309,0.833070866141732,0,0.307936507936508,0.0138888888888889,0.805732484076433,0,0.00154083204930663,0.00306278713629403,0,0.792626728110599,0.00462962962962963
"25",0,0.130718954248366,0,0.0922098569157393,0.0328407224958949,0.875,0.9936,0.934883720930233,0.0046875,0.0113085621970921,0,0.982171799027553,0,0.0280811232449298,0.17879746835443,0,0.340694006309148,0,0,0,0,0.336538461538462,0.0507131537242472,0.107765451664025,1,0.373608903020668,0.0222222222222222,0.00964630225080386,0.890822784810127,0.0032,0.605345911949686,0.053680981595092,0.979559748427673,0.940092165898618,0.101426307448494,0.107981220657277,0.756218905472637,0.0062402496099844,0.00794912559618442,0,0.17515923566879,0,0,0.837133550488599,0.0187793427230047,0.0275080906148867,0.561320754716981,0,0.0113085621970921,0.0016,0,0.00946372239747634,0,0.129082426127527,0.0299212598425197,0.780185758513932,0,0.05229793977813,0.00164203612479475,0.0129659643435981,0,0.833860759493671,0,0.0163132137030995,0.00153846153846154,0,0,0.0015748031496063,0.0094488188976378,0.0590111642743222
"26",0,0.820097244732577,0,0.0015600624024961,0,0.201639344262295,0.378763866877971,0.458990536277603,0,0,0,0.405844155844156,0.0784615384615385,0,0,0,0.990740740740741,0,0,0,0,0.990384615384615,0,0,0.373608903020668,1,0.234375,0,0.2601246105919,0.20125786163522,0.0772797527047913,0,0.359567901234568,0.327217125382263,0.752704791344668,0.787638668779715,0.0930979133226324,0.272585669781931,0,0,0,0,0,0.320063694267516,0,0,0.200934579439252,0,0,0,0,0,0,0.787638668779715,0,0.153374233128834,0,0.640378548895899,0,0,0.155660377358491,0.177033492822967,0,0,0.189312977099237,0,0,0.1952,0,0.0576323987538941
"27",0.0258358662613982,0.451010886469673,0,0.0153609831029186,0,0.00483870967741936,0.0409448818897638,0.030441400304414,0.00464396284829721,0,0.11875,0.0208,0.800911854103343,0,0,0,0.254518072289157,0.0972222222222222,0.00162074554294976,0.113178294573643,0.0967238689547582,0.282131661442006,0,0,0.0222222222222222,0.234375,1,0,0,0.967441860465116,0.0121396054628225,0.00451127819548872,0.0107361963190184,0.00308641975308642,0.489197530864198,0.452200303490137,0,0.925531914893617,0.0109717868338558,0,0,0,0,0.0328638497652582,0,0.0139751552795031,0.0458015267175573,0,0.117460317460317,0.110410094637224,0,0,0.06875,0.470496894409938,0,0,0.00316957210776545,0.591962905718702,0.0032,0,0.906298003072197,0.0015748031496063,0.0262345679012346,0,0.974006116207951,0.11353032659409,0.0954545454545455,0.970633693972179,0,0.593508500772797
"28",0.0581761006289308,0,0.189655172413793,0.317683881064163,0.921221864951768,0.0895765472312704,0.00158730158730159,0,0.407051282051282,1,0.0206022187004754,0,0,0.911353032659409,0.705511811023622,0.81832298136646,0,0.0283018867924528,0.108019639934534,0.0232919254658385,0.0252365930599369,0,0.864353312302839,0.826833073322933,0.00964630225080386,0,0,1,0.0604651162790698,0,0.249211356466877,0.42967542503864,0.0093603744149766,0.0123076923076923,0,0,0.198373983739837,0,0.0971786833855799,0.855325914149444,0.710651828298887,0.225196850393701,0.89589905362776,0,0.899686520376176,0.00634920634920635,0,0.752688172043011,0.00476947535771065,0.023696682464455,0.890769230769231,0.998435054773083,0.0376766091051805,0,0.912280701754386,0.116279069767442,0.106623586429725,0,0.0179153094462541,1,0,0.119547657512116,0.0590979782270607,0.972843450479233,0,0.0252365930599369,0.0266875981161695,0,1,0
"29",0,0.0484375,0,0.0448916408668731,0.10031847133758,0.92891760904685,0.859154929577465,0.830769230769231,0.015600624024961,0.0612903225806452,0,0.874801901743265,0,0.0948678071539658,0.307453416149068,0.00609756097560976,0.234303215926493,0,0,0,0,0.224683544303797,0.146189735614308,0.212307692307692,0.890822784810127,0.2601246105919,0,0.0604651162790698,1,0,0.585516178736518,0.12781954887218,0.926605504587156,0.963358778625954,0.0259938837920489,0.0346456692913386,0.850556438791733,0,0.00157232704402516,0.0156985871271586,0.289763779527559,0,0.00462962962962963,0.77947932618683,0.0884676145339652,0.0109717868338558,0.50547730829421,0.00460829493087558,0,0,0.0152671755725191,0.0594679186228482,0,0.043343653250774,0.0992248062015504,0.938837920489297,0,0.0170278637770898,0.0016,0.0606060606060606,0,0.928,0,0.0738993710691824,0,0,0,0,0.0606531881804044,0.013953488372093
"30",0.0280373831775701,0.412974683544304,0,0.00628930817610063,0,0,0.00798722044728434,0.00622083981337481,0.00159489633173844,0,0.113385826771654,0.00324675324675325,0.874622356495468,0,0,0,0.210526315789474,0.102362204724409,0,0.109907120743034,0.103174603174603,0.245222929936306,0,0,0.0032,0.20125786163522,0.967441860465116,0,0,1,0,0,0.00309119010819165,0,0.464898595943838,0.430340557275542,0,0.946401225114854,0.00158227848101266,0,0,0,0,0.00315457413249211,0,0.00156739811912226,0.00943396226415094,0,0.104333868378812,0.109375,0,0,0.0656,0.437106918238994,0,0,0.00159235668789809,0.547880690737834,0,0,0.949843260188088,0,0.0264797507788162,0,1,0.116903633491311,0.102167182662539,1,0,0.549050632911392
"31",0.0952380952380952,0.00154798761609907,0.0645161290322581,0.494573643410853,0.31637519872814,0.709470304975923,0.624420401854714,0.581039755351682,0.363354037267081,0.236133122028526,0.0719754977029096,0.5632,0,0.331278890600925,0.460949464012251,0.266563944530046,0.0547112462006079,0.0634674922600619,0.123397435897436,0.080370942812983,0.0755905511811024,0.0609375,0.361963190184049,0.39236641221374,0.605345911949686,0.0772797527047913,0.0121396054628225,0.249211356466877,0.585516178736518,0,1,0.198184568835098,0.582952815829528,0.573596358118361,0,0,0.735340729001585,0,0.164596273291925,0.22015503875969,0.481191222570533,0.146379044684129,0.205479452054795,0.461897356143079,0.27760736196319,0.134165366614665,0.376344086021505,0.183076923076923,0.104037267080745,0.100470957613815,0.168195718654434,0.220496894409938,0.124416796267496,0.00153609831029186,0.337461300309598,0.642965204236006,0.128980891719745,0,0.0493630573248408,0.240625,0,0.704510108864697,0.102167182662539,0.2704,0,0.0706436420722135,0.0673813169984686,0,0.229007633587786,0.143074581430746
"32",0.0182094081942337,0,0.0634441087613293,0.131818181818182,0.481072555205047,0.135350318471338,0.0522273425499232,0.0254110612855007,0.228787878787879,0.419906687402799,0.00461538461538462,0.0481366459627329,0,0.472429210134128,0.561270801815431,0.301043219076006,0,0.00609756097560976,0.0250783699059561,0.0015220700152207,0.00458715596330275,0,0.519519519519519,0.523449319213313,0.053680981595092,0,0.00451127819548872,0.42967542503864,0.12781954887218,0,0.198184568835098,1,0.0596125186289121,0.0858433734939759,0,0,0.211930926216641,0,0.12093023255814,0.298921417565485,0.542503863987635,0.0677710843373494,0.354642313546423,0.223404255319149,0.498475609756098,0.478593272171254,0.474164133738602,0.325925925925926,0.0492307692307692,0.00305810397553517,0.357675111773472,0.403993855606759,0.0031055900621118,0,0.442922374429224,0.218795888399413,0.0692913385826772,0,0.496865203761755,0.422600619195046,0,0.159754224270353,0.0164179104477612,0.4171875,0,0.00151745068285281,0,0,0.405446293494705,0.0211161387631976
"33",0,0.129890453834116,0,0.0552147239263804,0.0397456279809221,0.8704,0.965678627145086,0.938837920489297,0.00307219662058372,0.00782472613458529,0,0.9826224328594,0,0.0353846153846154,0.211890243902439,0,0.334332833583208,0,0,0,0,0.320813771517997,0.073959938366718,0.126524390243902,0.979559748427673,0.359567901234568,0.0107361963190184,0.0093603744149766,0.926605504587156,0.00309119010819165,0.582952815829528,0.0596125186289121,1,0.972972972972973,0.0860215053763441,0.113671274961598,0.77567140600316,0.00746268656716418,0,0,0.196875,0,0,0.807692307692308,0.0201863354037267,0.00470219435736677,0.535384615384615,0,0,0,0,0.0062015503875969,0,0.1321044546851,0.0389408099688473,0.823088455772114,0,0.0476190476190476,0,0.014018691588785,0,0.853354134165367,0,0.0175438596491228,0.00152439024390244,0,0,0.00156739811912226,0.0108527131782946,0.03125
"34",0,0.105100463678516,0,0.0382262996941896,0.0454545454545455,0.8768,0.91271056661562,0.894817073170732,0,0.0125984251968504,0,0.9424,0,0.0428790199081164,0.237730061349693,0,0.297090352220521,0,0,0,0,0.286158631415241,0.0829493087557604,0.144171779141104,0.940092165898618,0.327217125382263,0.00308641975308642,0.0123076923076923,0.963358778625954,0,0.573596358118361,0.0858433734939759,0.972972972972973,1,0.0731707317073171,0.0925644916540212,0.802215189873418,0,0,0,0.231839258114374,0,0,0.811526479750779,0.0307692307692308,0.0061633281972265,0.522550544323484,0,0,0,0,0.0107692307692308,0,0.0920436817472699,0.0424886191198786,0.867669172932331,0,0.0458015267175573,0,0.0154083204930663,0,0.881619937694704,0,0.0191693290734824,0,0,0,0,0.00768049155145929,0.0168711656441718
"35",0,0.976599063962558,0,0,0,0,0.117739403453689,0.154198473282443,0,0,0,0.126382306477093,0.333836858006042,0,0,0,0.771251931993818,0,0,0,0,0.782539682539683,0,0,0.101426307448494,0.752704791344668,0.489197530864198,0,0.0259938837920489,0.464898595943838,0,0,0.0860215053763441,0.0731707317073171,1,1,0,0.541033434650456,0,0,0,0,0,0.0657276995305164,0,0,0.0615384615384615,0,0,0,0,0,0,0.995297805642633,0,0,0,0.8712715855573,0,0,0.434915773353752,0,0,0,0.465331278890601,0,0,0.455538221528861,0,0.106811145510836
"36",0,0.987519500780031,0,0,0,0,0.130781499202552,0.178899082568807,0,0,0,0.140350877192982,0.304747320061256,0,0,0,0.802795031055901,0,0,0,0,0.823712948517941,0,0,0.107981220657277,0.787638668779715,0.452200303490137,0,0.0346456692913386,0.430340557275542,0,0,0.113671274961598,0.0925644916540212,1,1,0,0.524096385542169,0,0,0,0,0,0.0715396578538103,0,0,0.0630769230769231,0,0,0,0,0,0,0.995305164319249,0,0,0,0.863422291993721,0,0,0.406106870229008,0,0,0,0.430955993930197,0,0,0.431924882629108,0,0.0883720930232558
"37",0.00157232704402516,0,0.00158227848101266,0.149206349206349,0.269421487603306,0.912162162162162,0.735483870967742,0.676145339652449,0.0928,0.195723684210526,0,0.735294117647059,0,0.252396166134185,0.475728155339806,0.0881410256410256,0.0685805422647528,0,0.00164203612479475,0,0,0.0660225442834139,0.332258064516129,0.394276629570747,0.756218905472637,0.0930979133226324,0,0.198373983739837,0.850556438791733,0,0.735340729001585,0.211930926216641,0.77567140600316,0.802215189873418,0,0,1,0,0.0114192495921697,0.101449275362319,0.450726978998384,0.00162074554294976,0.101123595505618,0.59349593495935,0.227564102564103,0.0129032258064516,0.401587301587302,0.0771653543307087,0,0,0.107765451664025,0.1957928802589,0.00163398692810458,0,0.250798722044728,0.919753086419753,0.00494233937397035,0,0.00324149108589951,0.202302631578947,0,0.943089430894309,0.00156494522691706,0.20650406504065,0,0,0,0,0.164516129032258,0.0205371248025276
"38",0,0.493023255813954,0,0,0,0,0.0216049382716049,0.0166414523449319,0,0,0.0290964777947933,0.0109546165884194,0.797297297297297,0,0,0,0.294910179640719,0.0201550387596899,0,0.0350609756097561,0.0290519877675841,0.334365325077399,0,0,0.0062402496099844,0.272585669781931,0.925531914893617,0,0,0.946401225114854,0,0,0.00746268656716418,0,0.541033434650456,0.524096385542169,0,1,0,0,0,0,0,0.00907715582450832,0,0,0.010752688172043,0,0.0356589147286822,0.0243161094224924,0,0,0.0124610591900312,0.514415781487102,0,0,0,0.615146831530139,0,0,0.905343511450382,0,0,0,0.948484848484848,0.0352220520673813,0.0213089802130898,0.939907550077042,0,0.444954128440367
"39",0.795981452859351,0,0.7953125,0.643423137876387,0.1104,0.0233333333333333,0.0129032258064516,0.00157232704402516,0.636655948553055,0.0998389694041868,0.662538699690402,0.00162074554294976,0.0263975155279503,0.108527131782946,0.0546021840873635,0.234375,0,0.681744749596123,0.871753246753247,0.667194928684628,0.688783570300158,0,0.111111111111111,0.0537124802527646,0.00794912559618442,0,0.0109717868338558,0.0971786833855799,0.00157232704402516,0.00158227848101266,0.164596273291925,0.12093023255814,0,0,0,0,0.0114192495921697,0,1,0.180511182108626,0.0657276995305164,0.775157232704403,0.184496124031008,0.0576923076923077,0.119236883942766,0.556618819776715,0.0707692307692308,0.282843894899536,0.747634069400631,0.688679245283019,0.166412213740458,0.0937996820349762,0.733226837060703,0,0.106012658227848,0.00924499229583975,0.940226171243942,0,0.580858085808581,0.0884244372990354,0,0.00802568218298555,0.7921875,0.0983870967741935,0.0015527950310559,0.643312101910828,0.66403785488959,0.00161290322580645,0.103503184713376,0.328149300155521
"40",0.113354037267081,0,0.357585139318885,0.3859375,0.777059773828756,0.0470016207455429,0,0,0.447204968944099,0.845659163987138,0.0462962962962963,0,0,0.796610169491525,0.536891679748823,0.990610328638498,0,0.0602218700475436,0.187908496732026,0.0518867924528302,0.055379746835443,0,0.719188767550702,0.653250773993808,0,0,0,0.855325914149444,0.0156985871271586,0,0.22015503875969,0.298921417565485,0,0,0,0,0.101449275362319,0,0.180511182108626,1,0.554330708661417,0.408227848101266,0.919753086419753,0,0.786499215070644,0.0458860759493671,0,0.90015600624025,0.0190779014308426,0.053125,0.950617283950617,0.848818897637795,0.0903328050713154,0,0.808544303797468,0.0426179604261796,0.175895765472313,0,0.10952380952381,0.847512038523275,0,0.0563380281690141,0.121684867394696,0.854368932038835,0,0.05320813771518,0.0696594427244582,0,0.877358490566038,0.00310077519379845
"41",0.0031055900621118,0,0.0486656200941915,0.29375,0.800322061191626,0.325082508250825,0.153846153846154,0.150943396226415,0.383540372670807,0.681744749596123,0.0015600624024961,0.161648177496038,0,0.7765625,0.99375,0.518633540372671,0.0015527950310559,0.00159235668789809,0.032520325203252,0.00158730158730159,0.00158478605388273,0,0.835703001579779,0.922098569157393,0.17515923566879,0,0,0.710651828298887,0.289763779527559,0,0.481191222570533,0.542503863987635,0.196875,0.231839258114374,0,0,0.450726978998384,0,0.0657276995305164,0.554330708661417,1,0.0777777777777778,0.559006211180124,0.0939490445859873,0.805946791862285,0.0205047318611987,0.0565149136577708,0.470496894409938,0.00161550888529887,0,0.564885496183206,0.690251572327044,0.00476947535771065,0,0.759873617693523,0.426829268292683,0.0528052805280528,0,0.0179738562091503,0.709003215434084,0,0.368,0.00778816199376947,0.709886547811994,0,0.00156494522691706,0.0015625,0,0.679186228482003,0.00943396226415094
"42",0.708333333333333,0,0.989028213166144,0.576506955177743,0.178125,0.00327868852459016,0,0,0.539184952978056,0.237560192616372,0.562305295950156,0,0.0244274809160305,0.205007824726135,0.0599369085173502,0.46594427244582,0,0.568535825545171,0.786069651741294,0.570063694267516,0.573899371069182,0,0.184375,0.101088646967341,0,0,0,0.225196850393701,0,0,0.146379044684129,0.0677710843373494,0,0,0,0,0.00162074554294976,0,0.775157232704403,0.408227848101266,0.0777777777777778,1,0.377708978328173,0,0.192125984251969,0.398104265402844,0,0.523882896764253,0.506269592476489,0.573926868044515,0.372488408037094,0.224683544303797,0.64622641509434,0,0.1984375,0.00152439024390244,0.827642276422764,0,0.509584664536741,0.213716108452951,0,0.00158478605388273,0.687888198757764,0.22741935483871,0.00153139356814701,0.5553772070626,0.586583463338534,0,0.25508607198748,0.15748031496063
"43",0.168437025796662,0,0.337899543378995,0.386153846153846,0.773015873015873,0.0305466237942122,0,0,0.505392912172573,0.881141045958796,0.0801232665639445,0,0,0.783018867924528,0.546850998463902,0.911450381679389,0,0.100156494522692,0.219745222929936,0.0911949685534591,0.0936507936507937,0,0.747678018575851,0.67741935483871,0,0,0,0.89589905362776,0.00462962962962963,0,0.205479452054795,0.354642313546423,0,0,0,0,0.101123595505618,0,0.184496124031008,0.919753086419753,0.559006211180124,0.377708978328173,1,0,0.762870514820593,0.0451713395638629,0,0.876524390243902,0.0443740095087163,0.0829420970266041,0.96048632218845,0.884969325153374,0.125588697017268,0,0.778637770897833,0.024132730015083,0.21256038647343,0,0.0609951845906902,0.891338582677165,0,0.0419254658385093,0.158139534883721,0.858974358974359,0,0.0800627943485086,0.103975535168196,0,0.901538461538462,0.00930232558139535
"44",0,0.103833865814696,0,0.0432766615146832,0.00322061191626409,0.746774193548387,0.841269841269841,0.776234567901235,0.0031201248049922,0,0,0.819935691318328,0,0.00156739811912226,0.114906832298137,0,0.318818040435459,0,0,0,0,0.29559748427673,0.009375,0.0294573643410853,0.837133550488599,0.320063694267516,0.0328638497652582,0,0.77947932618683,0.00315457413249211,0.461897356143079,0.223404255319149,0.807692307692308,0.811526479750779,0.0657276995305164,0.0715396578538103,0.59349593495935,0.00907715582450832,0.0576923076923077,0,0.0939490445859873,0,0,1,0.00156494522691706,0.184834123222749,0.776190476190476,0,0.0592,0.00315457413249211,0,0,0,0.0938967136150235,0.00318471337579618,0.668702290076336,0.00327332242225859,0.0517241379310345,0.140522875816993,0,0,0.686708860759494,0,0.00161550888529887,0.00307692307692308,0,0,0.00157728706624606,0,0.0533751962323391
"45",0.0416024653312789,0,0.1671826625387,0.317683881064163,0.963081861958267,0.131011608623549,0.00476947535771065,0.00311526479750779,0.434439178515008,0.894563426688633,0.0124223602484472,0.00321027287319422,0,0.950233281493002,0.795348837209302,0.738863287250384,0,0.015600624024961,0.083743842364532,0.0139751552795031,0.0157728706624606,0,0.897798742138365,0.840245775729647,0.0187793427230047,0,0,0.899686520376176,0.0884676145339652,0,0.27760736196319,0.498475609756098,0.0201863354037267,0.0307692307692308,0,0,0.227564102564103,0,0.119236883942766,0.786499215070644,0.805946791862285,0.192125984251969,0.762870514820593,0.00156494522691706,1,0.0204724409448819,0.00315457413249211,0.681470137825421,0.00789889415481832,0.0126382306477093,0.761102603369066,0.897035881435257,0.0236220472440945,0,0.955484896661367,0.202127659574468,0.120192307692308,0,0.0437601296596434,0.9,0,0.156739811912226,0.0393081761006289,0.915492957746479,0,0.014308426073132,0.0168711656441718,0,0.901538461538462,0.00158982511923688
