"","V1","V2","V3","V4","V5","V6","V7","V8","V9","V10","V11","V12","V13","V14","V15","V16","V17","V18","V19","V20","V21","V22","V23","V24","V25","V26","V27","V28","V29","V30","V31","V32","V33","V34","V35","V36","V37","V38","V39","V40","V41","V42","V43","V44","V45","V46","V47","V48","V49","V50","V51","V52","V53","V54","V55","V56","V57","V58","V59","V60","V61","V62","V63","V64","V65","V66","V67","V68","V69","V70"
"1",1,0,0.929323308270677,0.760736196319018,0.376582278481013,0.099025974025974,0.0031201248049922,0.0045662100456621,0.771121351766513,0.536392405063291,0.884080370942813,0.00482315112540193,0.275602409638554,0.39258114374034,0.247328244274809,0.769817073170732,0,0.909090909090909,0.912420382165605,0.872472783825817,0.892523364485981,0,0.379362670713202,0.261068702290076,0.00635930047694754,0,0.0820668693009119,0.50314465408805,0.00770416024653313,0.129283489096573,0.279569892473118,0.306525037936267,0.00305810397553517,0.0061633281972265,0,0,0.141509433962264,0.0303030303030303,0.887171561051005,0.722049689440994,0.236024844720497,0.91358024691358,0.770864946889226,0.00463678516228748,0.445300462249615,0.887519260400616,0.0061633281972265,0.769347496206373,0.847860538827258,0.881996974281392,0.73071104387292,0.516871165644172,0.91679748822606,0,0.38863287250384,0.0833333333333333,0.920255183413078,0,0.906902086677368,0.525902668759812,0.141085271317829,0.102325581395349,1,0.444270015698587,0.138508371385084,0.870514820592824,0.888549618320611,0.118380062305296,0.526315789473684,0.237947122861586
"2",0,1,0,0,0.00158730158730159,0.0607553366174056,0.540322580645161,0.527472527472527,0,0,0,0.534733441033926,0.568567026194145,0.0015625,0.0015600624024961,0,0.911811023622047,0,0,0.00157977883096367,0,0.933649289099526,0,0.00156739811912226,0.439542483660131,0.909238249594814,0.771384136858476,0,0.2640625,0.718354430379747,0.00773993808049536,0,0.411580594679186,0.377125193199382,0.995319812792512,0.998439937597504,0.00813008130081301,0.801550387596899,0,0,0.00159489633173844,0,0,0.528753993610224,0.00157232704402516,0,0.559618441971383,0,0.00321543408360129,0.00317965023847377,0,0,0,0.998410174880763,0.00155763239875389,0.0644171779141104,0,0.979655712050078,0,0,0.713385826771654,0.0608974358974359,0,0.0016366612111293,0.698738170347003,0.00315457413249211,0,0.730407523510972,0,0.536163522012579
"3",0.929323308270677,0,1,0.85202492211838,0.463141025641026,0.148760330578512,0.0015748031496063,0.00153846153846154,0.851162790697674,0.650393700787402,0.785824345146379,0.00317460317460317,0.168453292496172,0.468944099378882,0.333850931677019,0.868702290076336,0,0.809148264984227,0.993620414673046,0.775541795665635,0.789556962025316,0,0.464285714285714,0.34597875569044,0.00309119010819165,0,0.0108527131782946,0.623824451410658,0.00778816199376947,0.040625,0.339477726574501,0.400302114803625,0.00154559505409583,0.00302571860816944,0,0,0.216772151898734,0.00150829562594268,0.98125,0.828173374613003,0.32182103610675,1,0.855403348554033,0,0.537151702786378,0.918367346938776,0,0.869894099848714,0.744075829383886,0.792569659442725,0.832826747720365,0.625990491283677,0.823899371069182,0,0.480857580398162,0.143504531722054,0.9952,0,0.9696,0.624203821656051,0.047040971168437,0.158478605388273,0.918586789554531,0.552922590837283,0.0459418070444104,0.773148148148148,0.797527047913447,0.0325581395348837,0.629513343799058,0.136923076923077
"4",0.760736196319018,0,0.85202492211838,1,0.610759493670886,0.328502415458937,0.0407523510971787,0.0380517503805175,0.949152542372881,0.77337559429477,0.620743034055728,0.0286168521462639,0.0669710806697108,0.628614916286149,0.491419656786271,0.943939393939394,0,0.651090342679128,0.871589085072231,0.621495327102804,0.626749611197512,0,0.619783616692427,0.509954058192956,0.0540540540540541,0,0.0122887864823349,0.757433489827856,0.0990712074303406,0.020440251572327,0.556589147286822,0.55,0.0383435582822086,0.0519877675840979,0,0,0.374603174603175,0.00151975683890578,0.858954041204437,0.909375,0.5015625,0.853168469860896,0.924615384615385,0.0293663060278207,0.69170579029734,0.802816901408451,0.0279937791601866,0.917177914110429,0.59717868338558,0.645211930926217,0.885844748858447,0.758942457231726,0.671339563862928,0,0.641975308641975,0.281859070464768,0.863636363636364,0,0.821939586645469,0.752365930599369,0.0213089802130898,0.309375,0.75,0.700636942675159,0.021671826625387,0.61189358372457,0.638297872340426,0.0172143974960876,0.760252365930599,0.145962732919255
"5",0.376582278481013,0.00158730158730159,0.463141025641026,0.610759493670886,1,0.68099173553719,0.187908496732026,0.222222222222222,0.620355411954766,0.874794069192751,0.270569620253165,0.215460526315789,0.00157977883096367,1,0.865384615384615,0.628930817610063,0.00156985871271586,0.248,0.484297520661157,0.248025276461295,0.264,0,0.992,0.887122416534181,0.29064039408867,0.00159744408945687,0,0.897106109324759,0.482484076433121,0.00160513643659711,0.825119236883943,0.911671924290221,0.332273449920509,0.363636363636364,0.00159235668789809,0,0.75702479338843,0,0.4944,0.668820678513732,0.867954911433172,0.4875,0.641269841269841,0.185185185185185,0.956661316211878,0.416932907348243,0.132075471698113,0.625585023400936,0.218241042345277,0.259677419354839,0.659777424483307,0.881877022653722,0.279552715654952,0,1,0.671339563862928,0.48111658456486,0.00158982511923688,0.436152570480929,0.902597402597403,0.00158227848101266,0.680645161290323,0.363344051446945,0.954022988505747,0.00159235668789809,0.243156199677939,0.259842519685039,0.0016260162601626,0.887459807073955,0.0430622009569378
"6",0.099025974025974,0.0607553366174056,0.148760330578512,0.328502415458937,0.68099173553719,1,0.558484349258649,0.563981042654028,0.300492610837438,0.519262981574539,0.0322061191626409,0.562289562289562,0.00313971742543171,0.686688311688312,0.841935483870968,0.289902280130293,0.178170144462279,0.0277777777777778,0.188235294117647,0.0278688524590164,0.0341463414634146,0.134907251264755,0.685245901639344,0.818619582664527,0.66722972972973,0.167213114754098,0.017741935483871,0.547231270358306,0.836833602584814,0.00823723228995058,0.828250401284109,0.75,0.688,0.7248,0.0493421052631579,0.0516129032258065,0.949324324324324,0.0207336523125997,0.211666666666667,0.320907617504052,0.841584158415842,0.167213114754098,0.307073954983923,0.545161290322581,0.625207296849088,0.181818181818182,0.499189627228525,0.298387096774194,0.0472175379426644,0.033112582781457,0.326923076923077,0.53257328990228,0.0376432078559738,0.0766721044045677,0.694581280788177,0.971653543307087,0.177257525083612,0.0609951845906902,0.139495798319328,0.53156146179402,0.00163398692810458,0.983606557377049,0.0929853181076672,0.603333333333333,0.00648298217179903,0.0194805194805195,0.0276422764227642,0.00657894736842105,0.531456953642384,0.0853858784893268
"7",0.0031201248049922,0.540322580645161,0.0015748031496063,0.0407523510971787,0.187908496732026,0.558484349258649,1,0.990654205607477,0.0111111111111111,0.0533980582524272,0.00470957613814757,0.990243902439024,0.113846153846154,0.196875,0.349056603773585,0.00312989045383412,0.666141732283465,0.00471698113207547,0.00165562913907285,0.0047244094488189,0.00316455696202532,0.63029315960912,0.199052132701422,0.312599681020734,0.9408,0.673534072900158,0.318110236220472,0.0619047619047619,0.754303599374022,0.263578274760383,0.366306027820711,0.2642089093702,0.906396255850234,0.865237366003063,0.510204081632653,0.526315789473684,0.47741935483871,0.345679012345679,0.00967741935483871,0.00479233226837061,0.359497645211931,0.00157977883096367,0.00305810397553517,0.992063492063492,0.12241653418124,0.033175355450237,0.951923076923077,0.00308166409861325,0.0272,0.00792393026941363,0.00460829493087558,0.054858934169279,0.00313971742543171,0.537974683544304,0.206677265500795,0.561538461538462,0.00490998363338789,0.514018691588785,0.00492610837438424,0.0547504025764895,0.219435736677116,0.546474358974359,0.003125,0.115942028985507,0.248826291079812,0.00158730158730159,0.0046801872074883,0.2608,0.056,0.337007874015748
"8",0.0045662100456621,0.527472527472527,0.00153846153846154,0.0380517503805175,0.222222222222222,0.563981042654028,0.990654205607477,1,0.0123456790123457,0.0676100628930818,0.00312989045383412,0.996870109546166,0.110773899848255,0.236923076923077,0.362790697674419,0.00459418070444104,0.653435114503817,0.0061633281972265,0.00159235668789809,0.00154798761609907,0.00462249614791988,0.622464898595944,0.230414746543779,0.339506172839506,0.941085271317829,0.670347003154574,0.310502283105023,0.0821484992101106,0.766153846153846,0.25194401244168,0.389908256880734,0.272047832585949,0.914373088685015,0.878048780487805,0.502290076335878,0.510703363914373,0.492890995260663,0.328290468986384,0.00943396226415094,0.0015527950310559,0.366352201257862,0.0031055900621118,0.00154083204930663,0.976851851851852,0.149532710280374,0.031201248049922,0.924615384615385,0.00304878048780488,0.0188087774294671,0.00625,0.00455927051671732,0.0661538461538462,0.00469483568075117,0.537867078825348,0.239370078740157,0.567567567567568,0.0048,0.506172839506173,0.004739336492891,0.0830721003134796,0.228177641653905,0.54953560371517,0.00464396284829721,0.137223974763407,0.23780487804878,0.00156494522691706,0.00458715596330275,0.251162790697674,0.0664556962025316,0.325545171339564
"9",0.771121351766513,0,0.851162790697674,0.949152542372881,0.620355411954766,0.300492610837438,0.0111111111111111,0.0123456790123457,1,0.788709677419355,0.65149136577708,0.0143769968051118,0.0337423312883436,0.622291021671827,0.479559748427673,0.97196261682243,0,0.655763239875389,0.869774919614148,0.630434782608696,0.65149136577708,0,0.624610591900312,0.501552795031056,0.021875,0,0.00464396284829721,0.769230769230769,0.102964118564743,0.00478468899521531,0.520186335403727,0.554545454545455,0.0168970814132104,0.0261538461538462,0,0,0.36,0.00152905198776758,0.84887459807074,0.954968944099379,0.47360248447205,0.844827586206897,0.981510015408321,0.0124804992199688,0.693522906793049,0.786271450858034,0.0123839009287926,0.969183359013868,0.592356687898089,0.651968503937008,0.948091603053435,0.779342723004695,0.676145339652449,0,0.632075471698113,0.274658573596358,0.853896103896104,0,0.820678513731826,0.767741935483871,0.00463678516228748,0.307086614173228,0.755795981452859,0.709150326797386,0.00306748466257669,0.625592417061611,0.65210608424337,0.004739336492891,0.791139240506329,0.119122257053292
"10",0.536392405063291,0,0.650393700787402,0.77337559429477,0.874794069192751,0.519262981574539,0.0533980582524272,0.0676100628930818,0.788709677419355,1,0.420127795527157,0.065,0.00157728706624606,0.863057324840764,0.712218649517685,0.797752808988764,0,0.398058252427184,0.64026402640264,0.390322580645161,0.400635930047695,0,0.861685214626391,0.746434231378764,0.126009693053312,0,0.00159744408945687,0.990306946688207,0.308064516129032,0.00321543408360129,0.671949286846276,0.783825816485226,0.164319248826291,0.204724409448819,0,0,0.601973684210526,0.00156985871271586,0.639291465378422,0.832797427652733,0.715670436187399,0.646869983948636,0.811410459587956,0.0447284345047923,0.927512355848435,0.551779935275081,0.0238473767885533,0.797488226059655,0.353796445880452,0.4,0.82398753894081,1,0.436482084690554,0,0.855325914149444,0.506976744186047,0.642384105960265,0,0.614497528830313,0.996710526315789,0.00317460317460317,0.518211920529801,0.526729559748428,0.94342762063228,0.00317460317460317,0.398073836276083,0.414976599063963,0.00318471337579618,1,0.0502431118314425
"11",0.884080370942813,0,0.785824345146379,0.620743034055728,0.270569620253165,0.0322061191626409,0.00470957613814757,0.00312989045383412,0.65149136577708,0.420127795527157,1,0.00474683544303797,0.408320493066256,0.273010920436817,0.116640746500778,0.630602782071097,0,0.996870109546166,0.779365079365079,1,0.998432601880878,0,0.275968992248062,0.130970724191063,0.00479233226837061,0,0.2046875,0.399366085578447,0.00630914826498423,0.262992125984252,0.169984686064319,0.181538461538462,0.00305810397553517,0.00611620795107034,0.00308166409861325,0,0.0386473429951691,0.171516079632466,0.758513931888545,0.603395061728395,0.121684867394696,0.783489096573209,0.628659476117103,0.00469483568075117,0.313664596273292,0.759873617693523,0.00627943485086342,0.641538461538462,0.968454258675079,0.998444790046656,0.606656580937973,0.41185647425897,0.974481658692185,0.00156985871271586,0.275430359937402,0.0197869101978691,0.795819935691318,0.0173775671406003,0.783653846153846,0.409162717219589,0.274143302180685,0.031201248049922,0.883177570093458,0.325842696629214,0.284389489953632,1,0.995327102803738,0.256735340729002,0.408163265306122,0.384496124031008
"12",0.00482315112540193,0.534733441033926,0.00317460317460317,0.0286168521462639,0.215460526315789,0.562289562289562,0.990243902439024,0.996870109546166,0.0143769968051118,0.065,0.00474683544303797,1,0.0859872611464968,0.229903536977492,0.360576923076923,0.00475435816164818,0.662440570522979,0.00646203554119548,0.00329489291598023,0.00318471337579618,0.00320512820512821,0.631321370309951,0.231884057971014,0.324281150159744,0.946515397082658,0.676948051948052,0.2912,0.088379705400982,0.763866877971474,0.241883116883117,0.3648,0.271739130434783,0.921011058451817,0.8848,0.515007898894155,0.516746411483254,0.480392156862745,0.323943661971831,0.00972447325769854,0.00321543408360129,0.350237717908082,0.00323101777059774,0.00318979266347687,0.982315112540193,0.149277688603531,0.029126213592233,0.935691318327974,0.00473186119873817,0.0242718446601942,0.00479233226837061,0.00641025641025641,0.0644122383252818,0.00490196078431373,0.543689320388349,0.230392156862745,0.565625,0.00484652665589661,0.520391517128874,0.0066334991708126,0.0930232558139535,0.209779179810726,0.547967479674797,0.00321027287319422,0.133779264214047,0.226059654631083,0,0.00637958532695375,0.245161290322581,0.0667752442996743,0.309904153354633
"13",0.275602409638554,0.568567026194145,0.168453292496172,0.0669710806697108,0.00157977883096367,0.00313971742543171,0.113846153846154,0.110773899848255,0.0337423312883436,0.00157728706624606,0.408320493066256,0.0859872611464968,1,0.00151745068285281,0,0.0406015037593985,0.449624060150376,0.407407407407407,0.164556962025316,0.427051671732523,0.402140672782875,0.496038034865293,0.00153609831029186,0.00154083204930663,0.0462962962962963,0.44,0.828267477203647,0.00153846153846154,0.00610687022900763,0.88368580060423,0.0091324200913242,0,0.018018018018018,0.00909090909090909,0.601208459214502,0.597243491577335,0,0.797297297297297,0.173913043478261,0.0278637770897833,0,0.178625954198473,0.027190332326284,0.109737248840804,0.0015220700152207,0.18944099378882,0.146118721461187,0.0288315629742033,0.445652173913043,0.410493827160494,0.0183206106870229,0.00152439024390244,0.375,0.565749235474006,0.00152439024390244,0,0.17246835443038,0.598774885145482,0.180094786729858,0.0015625,0.914764079147641,0.00154798761609907,0.29742033383915,0.00155038759689922,0.886363636363636,0.432267884322679,0.406626506024096,0.890625,0.00153609831029186,0.724924012158055
"14",0.39258114374034,0.0015625,0.468944099378882,0.628614916286149,1,0.686688311688312,0.196875,0.236923076923077,0.622291021671827,0.863057324840764,0.273010920436817,0.229903536977492,0.00151745068285281,1,0.8678955453149,0.645161290322581,0.00153846153846154,0.2448,0.480645161290323,0.24922600619195,0.263076923076923,0,0.990639625585023,0.882170542635659,0.297971918876755,0.00315457413249211,0,0.88646967340591,0.465007776049767,0.00155038759689922,0.839753466872111,0.895678092399404,0.335384615384615,0.356814701378254,0.00154320987654321,0,0.746006389776358,0,0.489922480620155,0.670261941448382,0.8734375,0.486697965571205,0.644654088050314,0.202194357366771,0.951788491446345,0.416149068322981,0.148837209302326,0.632375189107413,0.226006191950464,0.269716088328076,0.662576687116564,0.876947040498442,0.292259083728278,0,1,0.670212765957447,0.4816,0.00157728706624606,0.436893203883495,0.890822784810127,0.00154559505409583,0.678233438485804,0.373846153846154,0.952305246422893,0.0015552099533437,0.262345679012346,0.26625386996904,0.0015625,0.880503144654088,0.0600924499229584
"15",0.247328244274809,0.0015600624024961,0.333850931677019,0.491419656786271,0.865384615384615,0.841935483870968,0.349056603773585,0.362790697674419,0.479559748427673,0.712218649517685,0.116640746500778,0.360576923076923,0,0.8678955453149,1,0.48698315467075,0.00305810397553517,0.107142857142857,0.353996737357259,0.118012422360248,0.126365054602184,0,0.860681114551084,0.989180834621329,0.449367088607595,0.00155763239875389,0,0.743307086614173,0.62888198757764,0,0.937212863705972,0.931921331316188,0.477134146341463,0.512269938650307,0.00154559505409583,0,0.912621359223301,0,0.37597503900156,0.510204081632653,0.996875,0.34384858044164,0.486943164362519,0.350931677018634,0.813953488372093,0.320634920634921,0.300157977883096,0.485540334855403,0.12779552715655,0.114420062695925,0.5,0.719435736677116,0.151181102362205,0,0.865203761755486,0.845112781954887,0.338118022328549,0.00154083204930663,0.309446254071661,0.734177215189873,0,0.85126582278481,0.247278382581649,0.799043062200957,0,0.103937007874016,0.110077519379845,0,0.71606864274571,0.0811232449297972
"16",0.769817073170732,0,0.868702290076336,0.943939393939394,0.628930817610063,0.289902280130293,0.00312989045383412,0.00459418070444104,0.97196261682243,0.797752808988764,0.630602782071097,0.00475435816164818,0.0406015037593985,0.645161290322581,0.48698315467075,1,0,0.649691358024691,0.87758346581876,0.614678899082569,0.626168224299065,0,0.634703196347032,0.513719512195122,0.00933125972006221,0,0.0015527950310559,0.771739130434783,0.0807926829268293,0.0061633281972265,0.51617873651772,0.545454545454545,0.00923076923076923,0.0151057401812689,0,0,0.360576923076923,0.00150602409638554,0.853125,0.979655712050078,0.487577639751553,0.873065015479876,0.983206106870229,0.0015527950310559,0.705069124423963,0.788732394366197,0.003125,0.979010494752624,0.5792,0.629513343799058,0.969558599695586,0.787735849056604,0.661466458658346,0,0.647779479326187,0.273413897280967,0.856219709208401,0,0.825806451612903,0.77567140600316,0.00914634146341463,0.293103448275862,0.761102603369066,0.718354430379747,0.00758725341426404,0.613601236476043,0.640552995391705,0.0062111801242236,0.78680981595092,0.0996978851963746
"17",0,0.911811023622047,0,0,0.00156985871271586,0.178170144462279,0.666141732283465,0.653435114503817,0,0,0,0.662440570522979,0.449624060150376,0.00153846153846154,0.00305810397553517,0,1,0,0,0.00152905198776758,0,0.99375,0,0.00151745068285281,0.574132492113565,1,0.659638554216867,0,0.399693721286371,0.603715170278638,0.0212765957446809,0.00149253731343284,0.547226386806597,0.503828483920367,0.884080370942813,0.902173913043478,0.114832535885167,0.69311377245509,0,0,0.0031055900621118,0,0,0.673405909797823,0.00153609831029186,0,0.707241910631741,0,0.0015552099533437,0.00154559505409583,0,0,0,0.904761904761905,0.0015600624024961,0.187687687687688,0,0.887692307692308,0,0,0.593272171253823,0.177847113884555,0,0.00156739811912226,0.581039755351682,0.00154083204930663,0,0.610852713178295,0,0.501538461538461
"18",0.909090909090909,0,0.809148264984227,0.651090342679128,0.248,0.0277777777777778,0.00471698113207547,0.0061633281972265,0.655763239875389,0.398058252427184,0.996870109546166,0.00646203554119548,0.407407407407407,0.2448,0.107142857142857,0.649691358024691,0,1,0.799674267100977,0.995356037151703,1,0,0.25,0.116459627329193,0.00796178343949045,0,0.188271604938272,0.380503144654088,0.00778816199376947,0.247244094488189,0.160990712074303,0.170731707317073,0.0046875,0.00933125972006221,0.0015552099533437,0,0.036624203821656,0.153488372093023,0.767366720516963,0.59904912836767,0.109872611464968,0.789719626168224,0.636932707355243,0.00631911532385466,0.307332293291732,0.785031847133758,0.00946372239747634,0.649532710280374,0.965079365079365,0.990551181102362,0.606201550387597,0.398425196850394,0.985759493670886,0,0.248833592534992,0.0197869101978691,0.810766721044046,0.0155038759689922,0.793831168831169,0.387987012987013,0.263650546021841,0.0271565495207668,0.898753894080997,0.318255250403877,0.263322884012539,0.992101105845182,0.998463901689708,0.244514106583072,0.400625978090767,0.371294851794072
"19",0.912420382165605,0,0.993620414673046,0.871589085072231,0.484297520661157,0.188235294117647,0.00165562913907285,0.00159235668789809,0.869774919614148,0.64026402640264,0.779365079365079,0.00329489291598023,0.164556962025316,0.480645161290323,0.353996737357259,0.87758346581876,0,0.799674267100977,1,0.769480519480519,0.786061588330632,0,0.4770206022187,0.367507886435331,0.00647249190938511,0,0.0113452188006483,0.62684124386252,0.0144694533762058,0.0472312703583062,0.379807692307692,0.409090909090909,0.00158982511923688,0.00630914826498423,0,0,0.239737274220033,0.0015748031496063,0.98538961038961,0.831699346405229,0.343089430894309,0.991708126036484,0.866242038216561,0.00163132137030995,0.54679802955665,0.918032786885246,0.00481540930979133,0.873817034700315,0.727868852459016,0.776699029126214,0.842443729903537,0.637254901960784,0.813725490196078,0,0.494271685761047,0.166144200626959,0.993311036789298,0,0.960066555740433,0.629268292682927,0.045958795562599,0.180194805194805,0.901116427432217,0.562604340567613,0.0474683544303797,0.760129659643436,0.777059773828756,0.0298013245033113,0.635332252836305,0.153225806451613
"20",0.872472783825817,0.00157977883096367,0.775541795665635,0.621495327102804,0.248025276461295,0.0278688524590164,0.0047244094488189,0.00154798761609907,0.630434782608696,0.390322580645161,1,0.00318471337579618,0.427051671732523,0.24922600619195,0.118012422360248,0.614678899082569,0.00152905198776758,0.995356037151703,0.769480519480519,1,0.998417721518987,0,0.24685534591195,0.126168224299065,0.0046801872074883,0,0.226356589147287,0.377329192546584,0.0046801872074883,0.273993808049536,0.165378670788253,0.176560121765601,0.0015552099533437,0.00457317073170732,0,0.00154798761609907,0.0331230283911672,0.185975609756098,0.741679873217116,0.589622641509434,0.122222222222222,0.761146496815287,0.610062893081761,0.0031104199066874,0.301242236024845,0.747634069400631,0.00791139240506329,0.622900763358779,0.972668810289389,0.996850393700787,0.584992343032159,0.377742946708464,0.978056426332288,0,0.259026687598116,0.0166163141993958,0.771844660194175,0.0171606864274571,0.758508914100486,0.383012820512821,0.288786482334869,0.026813880126183,0.872472783825817,0.308064516129032,0.299694189602446,0.996870109546166,0.9953125,0.283699059561129,0.384858044164038,0.389147286821705
"21",0.892523364485981,0,0.789556962025316,0.626749611197512,0.264,0.0341463414634146,0.00316455696202532,0.00462249614791988,0.65149136577708,0.400635930047695,0.998432601880878,0.00320512820512821,0.402140672782875,0.263076923076923,0.126365054602184,0.626168224299065,0,1,0.786061588330632,0.998417721518987,1,0,0.264240506329114,0.145085803432137,0.0064,0,0.198127925117005,0.38801261829653,0.00783699059561128,0.261904761904762,0.174803149606299,0.191131498470948,0.0031055900621118,0.00773993808049536,0.0015625,0,0.0431309904153355,0.166666666666667,0.756714060031596,0.587025316455696,0.13946117274168,0.779874213836478,0.625396825396825,0.00626959247648903,0.315457413249211,0.773940345368917,0.0112540192926045,0.636923076923077,0.9664,0.993720565149137,0.581288343558282,0.403149606299213,0.98256735340729,0,0.260663507109005,0.0199386503067485,0.792207792207792,0.00946372239747634,0.775444264943457,0.389337641357027,0.271875,0.0318979266347687,0.882716049382716,0.322475570032573,0.278461538461538,0.993620414673046,0.998449612403101,0.253543307086614,0.394944707740916,0.369158878504673
"22",0,0.933649289099526,0,0,0,0.134907251264755,0.63029315960912,0.622464898595944,0,0,0,0.631321370309951,0.496038034865293,0,0,0,0.99375,0,0,0,0,1,0,0,0.530448717948718,0.995192307692308,0.691222570532915,0,0.343354430379747,0.643312101910828,0.0125,0,0.507042253521127,0.461897356143079,0.904761904761905,0.923556942277691,0.0933977455716586,0.735294117647059,0,0,0,0,0,0.627358490566038,0,0,0.656050955414013,0,0,0,0,0,0,0.929373996789727,0,0.153846153846154,0,0.89589905362776,0,0,0.626168224299065,0.14968152866242,0,0,0.627300613496933,0,0,0.64573268921095,0,0.486529318541997
"23",0.379362670713202,0,0.464285714285714,0.619783616692427,0.992,0.685245901639344,0.199052132701422,0.230414746543779,0.624610591900312,0.861685214626391,0.275968992248062,0.231884057971014,0.00153609831029186,0.990639625585023,0.860681114551084,0.634703196347032,0,0.25,0.4770206022187,0.24685534591195,0.264240506329114,0,1,0.885093167701863,0.29635499207607,0.00153846153846154,0,0.876971608832808,0.46656298600311,0.00158730158730159,0.823619631901841,0.917417417417417,0.337442218798151,0.362519201228879,0,0,0.743548387096774,0,0.492063492063492,0.656786271450858,0.865718799368088,0.48125,0.634674922600619,0.203125,0.937106918238994,0.414285714285714,0.148669796557121,0.63093415007657,0.235759493670886,0.270606531881804,0.650842266462481,0.870716510903427,0.299050632911392,0,0.989214175654854,0.68133535660091,0.478190630048465,0,0.440191387559809,0.885579937304075,0.0015625,0.67032967032967,0.361801242236025,0.936893203883495,0.0015552099533437,0.2544,0.272585669781931,0.0015527950310559,0.869158878504673,0.062111801242236
"24",0.261068702290076,0.00156739811912226,0.34597875569044,0.509954058192956,0.887122416534181,0.818619582664527,0.312599681020734,0.339506172839506,0.501552795031056,0.746434231378764,0.130970724191063,0.324281150159744,0.00154083204930663,0.882170542635659,0.989180834621329,0.513719512195122,0.00151745068285281,0.116459627329193,0.367507886435331,0.126168224299065,0.145085803432137,0,0.885093167701863,1,0.41838351822504,0.00313479623824451,0,0.759750390015601,0.609230769230769,0.00158227848101266,0.948091603053435,0.930408472012103,0.454268292682927,0.492331288343558,0.00156494522691706,0,0.890302066772655,0,0.385466034755134,0.541795665634675,0.996820349761526,0.36547433903577,0.523809523809524,0.306976744186047,0.823348694316436,0.331768388106416,0.257763975155279,0.510510510510511,0.134585289514867,0.134466769706337,0.539170506912442,0.753105590062112,0.16380655226209,0,0.875,0.814199395770393,0.35,0.00152905198776758,0.320126782884311,0.759055118110236,0.00153609831029186,0.822222222222222,0.257716049382716,0.810509554140127,0.00152905198776758,0.11864406779661,0.13323124042879,0.0015748031496063,0.746543778801843,0.0771604938271605
"25",0.00635930047694754,0.439542483660131,0.00309119010819165,0.0540540540540541,0.29064039408867,0.66722972972973,0.9408,0.941085271317829,0.021875,0.126009693053312,0.00479233226837061,0.946515397082658,0.0462962962962963,0.297971918876755,0.449367088607595,0.00933125972006221,0.574132492113565,0.00796178343949045,0.00647249190938511,0.0046801872074883,0.0064,0.530448717948718,0.29635499207607,0.41838351822504,1,0.570747217806041,0.204761904761905,0.154340836012862,0.860759493670886,0.1584,0.457547169811321,0.346625766871166,0.987421383647799,0.961597542242704,0.416798732171157,0.422535211267606,0.57379767827529,0.243369734789392,0.0174880763116057,0.0127591706539075,0.441082802547771,0.00480769230769231,0.00938967136150235,0.921824104234528,0.211267605633803,0.040453074433657,0.863207547169811,0.00470219435736677,0.0306946688206785,0.0096,0.0125,0.135646687697161,0.00807754442649435,0.446345256609642,0.292913385826772,0.659442724458204,0.0100334448160535,0.44215530903328,0.00821018062397373,0.150729335494327,0.128526645768025,0.645569620253165,0.00313479623824451,0.200652528548124,0.16,0.00317965023847377,0.00791139240506329,0.152755905511811,0.137007874015748,0.250398724082935
"26",0,0.909238249594814,0,0,0.00159744408945687,0.167213114754098,0.673534072900158,0.670347003154574,0,0,0,0.676948051948052,0.44,0.00315457413249211,0.00155763239875389,0,1,0,0,0,0,0.995192307692308,0.00153846153846154,0.00313479623824451,0.570747217806041,1,0.6640625,0,0.390965732087227,0.60062893081761,0.0170015455950541,0.00154320987654321,0.550925925925926,0.507645259938838,0.884080370942813,0.900158478605388,0.115569823434992,0.697819314641745,0,0,0.00317460317460317,0,0,0.68312101910828,0.00157232704402516,0,0.708722741433022,0,0,0,0,0,0,0.909667194928685,0.00316455696202532,0.177914110429448,0,0.883280757097792,0,0,0.580188679245283,0.180223285486443,0,0.00163132137030995,0.586259541984733,0,0,0.608,0,0.47196261682243
"27",0.0820668693009119,0.771384136858476,0.0108527131782946,0.0122887864823349,0,0.017741935483871,0.318110236220472,0.310502283105023,0.00464396284829721,0.00159744408945687,0.2046875,0.2912,0.828267477203647,0,0,0.0015527950310559,0.659638554216867,0.188271604938272,0.0113452188006483,0.226356589147287,0.198127925117005,0.691222570532915,0,0,0.204761904761905,0.6640625,1,0.00155763239875389,0.0342146189735614,0.958139534883721,0.0121396054628225,0,0.174846625766871,0.132716049382716,0.790123456790123,0.790591805766313,0.00159235668789809,0.974164133738602,0.0141065830721003,0.00156494522691706,0,0.0156985871271586,0.00154559505409583,0.314553990610329,0,0.031055900621118,0.348091603053435,0.00152905198776758,0.23015873015873,0.203470031545741,0.00152439024390244,0,0.18125,0.78416149068323,0,0.00148367952522255,0.0158478605388273,0.802163833075734,0.0176,0,0.955453149001536,0.0047244094488189,0.0941358024691358,0,0.960244648318043,0.222395023328149,0.198484848484848,0.970633693972179,0,0.797527047913447
"28",0.50314465408805,0,0.623824451410658,0.757433489827856,0.897106109324759,0.547231270358306,0.0619047619047619,0.0821484992101106,0.769230769230769,0.990306946688207,0.399366085578447,0.088379705400982,0.00153846153846154,0.88646967340591,0.743307086614173,0.771739130434783,0,0.380503144654088,0.62684124386252,0.377329192546584,0.38801261829653,0,0.876971608832808,0.759750390015601,0.154340836012862,0,0.00155763239875389,1,0.336434108527132,0.00314465408805031,0.712933753943218,0.800618238021638,0.179407176287051,0.210769230769231,0,0,0.617886178861789,0.00154083204930663,0.609717868338558,0.809220985691574,0.739268680445151,0.618897637795276,0.79179810725552,0.055205047318612,0.943573667711599,0.534920634920635,0.0349206349206349,0.768049155145929,0.343402225755167,0.383886255924171,0.806153846153846,0.996870109546166,0.420722135007849,0,0.883572567783094,0.530232558139535,0.618739903069467,0,0.586319218241042,1,0.0031201248049922,0.55735056542811,0.503888024883359,0.961661341853035,0.00313971742543171,0.378548895899054,0.39403453689168,0.00318979266347687,0.995238095238095,0.0507936507936508
"29",0.00770416024653313,0.2640625,0.00778816199376947,0.0990712074303406,0.482484076433121,0.836833602584814,0.754303599374022,0.766153846153846,0.102964118564743,0.308064516129032,0.00630914826498423,0.763866877971474,0.00610687022900763,0.465007776049767,0.62888198757764,0.0807926829268293,0.399693721286371,0.00778816199376947,0.0144694533762058,0.0046801872074883,0.00783699059561128,0.343354430379747,0.46656298600311,0.609230769230769,0.860759493670886,0.390965732087227,0.0342146189735614,0.336434108527132,1,0.0171339563862928,0.60708782742681,0.532330827067669,0.886850152905199,0.93587786259542,0.244648318042813,0.247244094488189,0.75516693163752,0.0642201834862385,0.0267295597484277,0.120879120879121,0.633070866141732,0.014018691588785,0.0987654320987654,0.730474732006126,0.409162717219589,0.0423197492163009,0.685446009389671,0.0937019969278034,0.0220472440944882,0.0109204368174727,0.129770992366412,0.327073552425665,0.00933125972006221,0.269349845201238,0.462015503875969,0.847094801223242,0.0192,0.252321981424149,0.0192,0.320574162679426,0.00463678516228748,0.832,0.00470219435736677,0.404088050314465,0.0168453292496172,0.00309119010819165,0.00763358778625954,0.0125786163522013,0.32348367029549,0.089922480620155
"30",0.129283489096573,0.718354430379747,0.040625,0.020440251572327,0.00160513643659711,0.00823723228995058,0.263578274760383,0.25194401244168,0.00478468899521531,0.00321543408360129,0.262992125984252,0.241883116883117,0.88368580060423,0.00155038759689922,0,0.0061633281972265,0.603715170278638,0.247244094488189,0.0472312703583062,0.273993808049536,0.261904761904762,0.643312101910828,0.00158730158730159,0.00158227848101266,0.1584,0.60062893081761,0.958139534883721,0.00314465408805031,0.0171339563862928,1,0.00943396226415094,0,0.123647604327666,0.0825688073394495,0.741029641185647,0.722910216718266,0,0.935681470137825,0.0443037974683544,0.00159744408945687,0,0.0479233226837061,0.00157728706624606,0.266561514195584,0.00154083204930663,0.0626959247648903,0.290880503144654,0.00307692307692308,0.28892455858748,0.253125,0.0015552099533437,0.00158227848101266,0.2304,0.721698113207547,0.00159235668789809,0,0.0509554140127389,0.739403453689168,0.0422077922077922,0.0016,0.996865203761755,0.00160771704180064,0.143302180685358,0.00159489633173844,1,0.282780410742496,0.253869969040248,1,0.00158478605388273,0.840189873417722
"31",0.279569892473118,0.00773993808049536,0.339477726574501,0.556589147286822,0.825119236883943,0.828250401284109,0.366306027820711,0.389908256880734,0.520186335403727,0.671949286846276,0.169984686064319,0.3648,0.0091324200913242,0.839753466872111,0.937212863705972,0.51617873651772,0.0212765957446809,0.160990712074303,0.379807692307692,0.165378670788253,0.174803149606299,0.0125,0.823619631901841,0.948091603053435,0.457547169811321,0.0170015455950541,0.0121396054628225,0.712933753943218,0.60708782742681,0.00943396226415094,1,0.883509833585477,0.480974124809741,0.509863429438543,0.00307692307692308,0.00461538461538462,0.858954041204437,0.00601503759398496,0.40527950310559,0.506976744186047,0.954545454545455,0.375963020030817,0.494672754946728,0.362363919129082,0.769938650306748,0.377535101404056,0.313364055299539,0.490769230769231,0.190993788819876,0.177394034536892,0.49388379204893,0.687888198757764,0.202177293934681,0.00921658986175115,0.828173374613003,0.794251134644478,0.367834394904459,0.0107858243451464,0.340764331210191,0.69375,0.00764525993883792,0.80248833592535,0.278637770897833,0.7536,0.0107033639143731,0.15541601255887,0.168453292496172,0.0110584518167457,0.685496183206107,0.138508371385084
"32",0.306525037936267,0,0.400302114803625,0.55,0.911671924290221,0.75,0.2642089093702,0.272047832585949,0.554545454545455,0.783825816485226,0.181538461538462,0.271739130434783,0,0.895678092399404,0.931921331316188,0.545454545454545,0.00149253731343284,0.170731707317073,0.409090909090909,0.176560121765601,0.191131498470948,0,0.917417417417417,0.930408472012103,0.346625766871166,0.00154320987654321,0,0.800618238021638,0.532330827067669,0,0.883509833585477,1,0.38301043219076,0.411144578313253,0,0,0.814756671899529,0,0.444961240310077,0.585516178736518,0.933539412673879,0.409638554216867,0.56468797564688,0.28419452887538,0.859756097560976,0.446483180428135,0.249240121580547,0.558518518518519,0.210769230769231,0.185015290519878,0.576751117734724,0.78494623655914,0.203416149068323,0,0.898021308980213,0.757709251101322,0.406299212598425,0,0.426332288401254,0.792569659442725,0,0.740399385560676,0.302985074626866,0.84375,0,0.168437025796662,0.173453996983409,0,0.786686838124054,0.085972850678733
"33",0.00305810397553517,0.411580594679186,0.00154559505409583,0.0383435582822086,0.332273449920509,0.688,0.906396255850234,0.914373088685015,0.0168970814132104,0.164319248826291,0.00305810397553517,0.921011058451817,0.018018018018018,0.335384615384615,0.477134146341463,0.00923076923076923,0.547226386806597,0.0046875,0.00158982511923688,0.0015552099533437,0.0031055900621118,0.507042253521127,0.337442218798151,0.454268292682927,0.987421383647799,0.550925925925926,0.174846625766871,0.179407176287051,0.886850152905199,0.123647604327666,0.480974124809741,0.38301043219076,1,0.986486486486487,0.380952380952381,0.3963133640553,0.606635071090047,0.207462686567164,0.0078003120124805,0.00772797527047913,0.4828125,0.00311526479750779,0.0045662100456621,0.887692307692308,0.240683229813665,0.0282131661442006,0.838461538461538,0.00453172205438067,0.0232198142414861,0.00306278713629403,0.0121212121212121,0.165891472868217,0.00314465408805031,0.433179723502304,0.32398753894081,0.695652173913043,0.00316455696202532,0.397849462365591,0.0048,0.180685358255452,0.0931297709923664,0.677067082683307,0.00307219662058372,0.228070175438596,0.132621951219512,0,0.00460122699386503,0.120689655172414,0.170542635658915,0.2125
"34",0.0061633281972265,0.377125193199382,0.00302571860816944,0.0519877675840979,0.363636363636364,0.7248,0.865237366003063,0.878048780487805,0.0261538461538462,0.204724409448819,0.00611620795107034,0.8848,0.00909090909090909,0.356814701378254,0.512269938650307,0.0151057401812689,0.503828483920367,0.00933125972006221,0.00630914826498423,0.00457317073170732,0.00773993808049536,0.461897356143079,0.362519201228879,0.492331288343558,0.961597542242704,0.507645259938838,0.132716049382716,0.210769230769231,0.93587786259542,0.0825688073394495,0.509863429438543,0.411144578313253,0.986486486486487,1,0.349085365853659,0.362670713201821,0.639240506329114,0.161631419939577,0.0139103554868624,0.0201238390092879,0.52241112828439,0.00309597523219814,0.0151975683890578,0.85202492211838,0.287692307692308,0.0292758089368259,0.8149300155521,0.00603318250377074,0.0248833592534992,0.00921658986175115,0.0213089802130898,0.2,0.00928792569659443,0.388455538221529,0.358118361153263,0.732330827067669,0.00797448165869218,0.366412213740458,0.00631911532385466,0.217257318952234,0.0618401206636501,0.705607476635514,0.00455927051671732,0.268370607028754,0.0878787878787879,0.0031104199066874,0.00914634146341463,0.0868217054263566,0.201228878648233,0.174846625766871
"35",0,0.995319812792512,0,0,0.00159235668789809,0.0493421052631579,0.510204081632653,0.502290076335878,0,0,0.00308166409861325,0.515007898894155,0.601208459214502,0.00154320987654321,0.00154559505409583,0,0.884080370942813,0.0015552099533437,0,0,0.0015625,0.904761904761905,0,0.00156494522691706,0.416798732171157,0.884080370942813,0.790123456790123,0,0.244648318042813,0.741029641185647,0.00307692307692308,0,0.380952380952381,0.349085365853659,1,1,0.00471698113207547,0.826747720364742,0,0,0.0015527950310559,0,0,0.511737089201878,0.00153846153846154,0,0.544615384615385,0,0.00631911532385466,0.00463678516228748,0,0,0,1,0.0015625,0.0499243570347958,0,0.985871271585557,0,0,0.735068912710567,0.0471698113207547,0,0.00162337662337662,0.728813559322034,0.00625978090766823,0,0.742589703588144,0,0.527863777089783
"36",0,0.998439937597504,0,0,0,0.0516129032258065,0.526315789473684,0.510703363914373,0,0,0,0.516746411483254,0.597243491577335,0,0,0,0.902173913043478,0,0,0.00154798761609907,0,0.923556942277691,0,0,0.422535211267606,0.900158478605388,0.790591805766313,0,0.247244094488189,0.722910216718266,0.00461538461538462,0,0.3963133640553,0.362670713201821,1,1,0.00627943485086342,0.82078313253012,0,0,0,0,0,0.524105754276827,0,0,0.555384615384615,0,0.00158478605388273,0.00154798761609907,0,0,0,1,0,0.0582089552238806,0,0.982731554160126,0,0,0.725190839694656,0.0458135860979463,0,0,0.714719271623672,0.0015600624024961,0,0.7339593114241,0,0.525581395348837
