"","V1","V2","V3","V4","V5","V6","V7","V8","V9","V10","V11","V12","V13","V14","V15","V16","V17","V18","V19","V20","V21","V22","V23","V24","V25","V26","V27","V28","V29","V30","V31","V32","V33","V34","V35","V36","V37","V38","V39","V40","V41","V42","V43","V44","V45","V46","V47","V48","V49","V50","V51","V52","V53","V54","V55","V56","V57","V58","V59","V60","V61","V62","V63","V64","V65","V66","V67","V68","V69","V70"
"1",1,0.0161030595813204,0.998470948012232,0.955315870570108,0.978260869565217,0.404255319148936,0.0112903225806452,0.129657228017884,0.975806451612903,0.976599063962558,0.9024,0.056,0.0305810397553517,0.97275641025641,0.969889064976228,0.995290423861852,0.00304878048780488,0.978159126365055,1,0.920245398773006,0.983870967741935,0.00303030303030303,0.975328947368421,0.970633693972179,0.0470779220779221,0.00153139356814701,0.0317700453857791,0.978159126365055,0.392,0.0167173252279635,0.944108761329305,0.979032258064516,0.151057401812689,0.161442006269592,0.0175718849840256,0.0154320987654321,0.926153846153846,0.0167427701674277,0.996908809891808,0.989096573208723,0.970873786407767,0.998432601880878,0.982758620689655,0.0278637770897833,0.976076555023923,0.975922953451043,0.0385802469135802,0.993620414673046,0.184049079754601,0.904376012965964,0.985553772070626,0.9859375,0.996742671009772,0.0188087774294671,0.977848101265823,0.970219435736677,0.996784565916399,0.020440251572327,0.995468277945619,0.986068111455108,0.026813880126183,0.878648233486943,0.998430141287284,0.982945736434109,0.0256410256410256,0.90952380952381,0.973520249221184,0.0280373831775701,0.974803149606299,0.0380952380952381
"2",0.0161030595813204,1,0.0125391849529781,0.0503937007874016,0.00789889415481832,0.570532915360502,0.987138263665595,0.863565891472868,0.00321027287319422,0.00320512820512821,0.0951612903225806,0.938709677419355,0.990712074303406,0.00642054574638844,0.00818330605564648,0.0111287758346582,0.9921875,0.0398089171974522,0.00788643533123028,0.0796324655436447,0.0324675324675325,0.989312977099237,0.00668896321070234,0.0063391442155309,0.953301127214171,0.992150706436421,0.990726429675425,0,0.585526315789474,0.996941896024465,0.0296411856474259,0.0033167495854063,0.842923794712286,0.838862559241706,0.99837925445705,1,0.03486529318542,0.998425196850394,0.0109204368174727,0.00476190476190476,0.00816993464052288,0.0111111111111111,0,0.962025316455696,0.00327332242225859,0.00642054574638844,0.954258675078864,0.0032,0.827315541601256,0.0974025974025974,0,0,0.0195121951219512,1,0.00476947535771065,0.00793650793650794,0.00818330605564648,0.996835443037975,0.0108527131782946,0,0.99211356466877,0.0784615384615385,0.0187793427230047,0.0031496062992126,0.991869918699187,0.0883280757097792,0.0373250388802488,0.993670886075949,0.00323101777059774,0.973983739837398
"3",0.998470948012232,0.0125391849529781,1,0.94954128440367,0.982998454404946,0.382175226586103,0.0126382306477093,0.124242424242424,0.979066022544283,0.979750778816199,0.907378335949764,0.0554675118858954,0.0256024096385542,0.977883096366509,0.97456279809221,0.998432601880878,0,0.970404984423676,1,0.925757575757576,0.977491961414791,0,0.980707395498392,0.973478939157566,0.0411392405063291,0,0.0271493212669683,0.98125,0.373626373626374,0.0149253731343284,0.944360902255639,0.982142857142857,0.140483383685801,0.146417445482866,0.0156985871271586,0.0151285930408472,0.929230769230769,0.0153846153846154,0.996918335901387,0.992260061919505,0.976076555023923,1,0.984591679506934,0.0277777777777778,0.979233226837061,0.974643423137876,0.0338461538461538,0.996820349761526,0.179173047473201,0.9056,0.9872,0.987421383647799,0.9936,0.0154798761609907,0.982785602503912,0.974882260596546,1,0.0187207488299532,0.998491704374057,0.989180834621329,0.0216383307573416,0.892053973013493,0.996946564885496,0.984591679506934,0.0221870047543582,0.917316692667707,0.967391304347826,0.0246153846153846,0.978056426332288,0.0393081761006289
"4",0.955315870570108,0.0503937007874016,0.94954128440367,1,0.932515337423313,0.403348554033486,0.0623052959501558,0.153153153153153,0.940705128205128,0.935085007727975,0.940438871473354,0.0733652312599681,0.0730593607305936,0.936908517350158,0.927099841521395,0.959938366718028,0.036697247706422,0.97360248447205,0.9609375,0.95059880239521,0.971246006389776,0.037593984962406,0.936908517350158,0.92530487804878,0.102362204724409,0.0382848392036753,0.0770392749244713,0.934782608695652,0.357366771159875,0.0589970501474926,0.940998487140696,0.932038834951456,0.162444113263785,0.162861491628615,0.047244094488189,0.0410958904109589,0.903076923076923,0.0496987951807229,0.955453149001536,0.940184049079755,0.937898089171974,0.952012383900929,0.948916408668731,0.0727272727272727,0.937791601866252,0.9453125,0.0939393939393939,0.948678071539658,0.229230769230769,0.940988835725678,0.941732283464567,0.942724458204334,0.979099678456592,0.0553846153846154,0.933744221879815,0.926447574334898,0.960127591706539,0.0613207547169811,0.948091603053435,0.941448382126348,0.0681114551083591,0.850609756097561,0.961300309597523,0.936267071320182,0.0635658914728682,0.944444444444444,0.972850678733032,0.0682170542635659,0.92879746835443,0.0829420970266041
"5",0.978260869565217,0.00789889415481832,0.982998454404946,0.932515337423313,1,0.429438543247344,0.0208,0.151975683890578,0.995169082125604,0.996904024767802,0.875993640699523,0.0746031746031746,0.00153374233128834,1,1,0.984251968503937,0.0091324200913242,0.9515625,0.987361769352291,0.892966360856269,0.964458804523425,0.0152439024390244,1,1,0.0649762282091918,0.0153609831029186,0.00150375939849624,0.995341614906832,0.425566343042071,0,0.971036585365854,0.995073891625616,0.179331306990881,0.18622848200313,0.0031496062992126,0.00151745068285281,0.966981132075472,0.00309119010819165,0.987748851454824,0.989147286821705,1,0.982839313572543,0.993769470404984,0.0489296636085627,0.995215311004785,0.99211356466877,0.0585516178736518,0.990639625585023,0.154670750382848,0.875399361022364,0.993650793650794,0.995327102803738,0.974723538704581,0.0046875,1,0.998432601880878,0.985691573926868,0,0.986280487804878,0.995319812792512,0.00156494522691706,0.929535232383808,0.976780185758514,0.996884735202492,0,0.886255924170616,0.950693374422188,0,0.995245641838352,0.035031847133758
"6",0.404255319148936,0.570532915360502,0.382175226586103,0.403348554033486,0.429438543247344,1,0.630672926447574,0.741301059001513,0.430622009569378,0.412213740458015,0.352574102964119,0.705329153605016,0.531437125748503,0.434782608695652,0.43730407523511,0.388973966309342,0.603658536585366,0.383792048929664,0.387345679012346,0.368421052631579,0.372641509433962,0.602086438152012,0.440705128205128,0.439209726443769,0.670295489891135,0.611940298507463,0.54954954954955,0.399082568807339,0.965678627145086,0.576470588235294,0.476479514415782,0.423566878980892,0.783333333333333,0.809230769230769,0.557427258805513,0.535820895522388,0.496147919876733,0.550375939849624,0.424962852897474,0.375963020030817,0.432601880877743,0.379471228615863,0.414373088685015,0.649546827794562,0.4125,0.430769230769231,0.675716440422323,0.404945904173107,0.688622754491018,0.354587869362364,0.393364928909953,0.413312693498452,0.412698412698413,0.574242424242424,0.428351309707242,0.445131375579598,0.389589905362776,0.541729893778452,0.40327380952381,0.414634146341463,0.507788161993769,0.530920060331825,0.384730538922156,0.409711684370258,0.528125,0.350230414746544,0.367223065250379,0.544207317073171,0.414373088685015,0.627329192546584
"7",0.0112903225806452,0.987138263665595,0.0126382306477093,0.0623052959501558,0.0208,0.630672926447574,1,0.889922480620155,0.0181818181818182,0.0210016155088853,0.110932475884244,0.963756177924217,0.968847352024922,0.0262295081967213,0.0309951060358891,0.0113268608414239,0.993788819875776,0.0435483870967742,0.00963081861958266,0.0940438871473354,0.034257748776509,0.990683229813665,0.026578073089701,0.0256410256410256,0.983766233766234,0.990445859872611,0.970903522205207,0.0205047318611987,0.635922330097087,0.978527607361963,0.062402496099844,0.0178861788617886,0.873831775700935,0.863207547169811,0.974068071312804,0.979750778816199,0.0768,0.979495268138801,0.0110410094637224,0.0126382306477093,0.0279605263157895,0.0126782884310618,0.0172955974842767,0.988924050632911,0.0227642276422764,0.0260162601626016,0.984472049689441,0.00821018062397373,0.856918238993711,0.112211221122112,0.0130505709624796,0.0161550888529887,0.0167224080267559,0.982758620689655,0.0192,0.0243111831442464,0.00961538461538462,0.974522292993631,0.0125,0.0157728706624606,0.975922953451043,0.120426829268293,0.0110935023771791,0.01743264659271,0.976897689768977,0.106687898089172,0.0409448818897638,0.971291866028708,0.0241157556270096,0.98531810766721
"8",0.129657228017884,0.863565891472868,0.124242424242424,0.153153153153153,0.151975683890578,0.741301059001513,0.889922480620155,1,0.142857142857143,0.143072289156627,0.105426356589147,0.960443037974684,0.82701062215478,0.160493827160494,0.157733537519142,0.126738794435858,0.888048411497731,0.109090909090909,0.120795107033639,0.108955223880597,0.0965732087227414,0.8841642228739,0.158307210031348,0.150375939849624,0.931570762052877,0.897435897435897,0.837278106508876,0.141538461538462,0.766871165644172,0.847161572052402,0.197349042709867,0.143312101910828,0.991150442477876,0.986322188449848,0.850769230769231,0.846038863976084,0.19482496194825,0.837837837837838,0.131024096385542,0.125188536953243,0.166407465007776,0.121212121212121,0.141779788838612,0.913432835820896,0.151090342679128,0.1453125,0.920777279521674,0.126738794435858,0.7821482602118,0.0907668231611894,0.12093023255814,0.140845070422535,0.137440758293839,0.865151515151515,0.164110429447853,0.170245398773006,0.124807395993837,0.846737481031866,0.133136094674556,0.133535660091047,0.829787234042553,0.244011976047904,0.122727272727273,0.149700598802395,0.829721362229102,0.0963302752293578,0.104704097116844,0.828787878787879,0.149068322981366,0.908385093167702
"9",0.975806451612903,0.00321027287319422,0.979066022544283,0.940705128205128,0.995169082125604,0.430622009569378,0.0181818181818182,0.142857142857143,1,1,0.892156862745098,0.0722495894909688,0.00628930817610063,0.995073891625616,0.995090016366612,0.983766233766234,0.0111464968152866,0.950715421303657,0.986970684039088,0.90251572327044,0.961666666666667,0.0172955974842767,0.99505766062603,0.996784565916399,0.0671140939597315,0.0127591706539075,0.0062992125984252,0.996815286624204,0.425774877650897,0,0.963779527559055,1,0.169036334913112,0.173633440514469,0,0,0.955056179775281,0,0.985413290113452,0.990384615384615,0.99505766062603,0.980645161290323,0.996805111821086,0.0523809523809524,1,0.995184590690209,0.0602218700475436,0.99344262295082,0.158982511923688,0.888324873096447,0.996742671009772,1,0.973244147157191,0.00159489633173844,0.995098039215686,0.995098039215686,0.983579638752053,0.00161550888529887,0.984350547730829,1,0.00645161290322581,0.910828025477707,0.972491909385113,1,0.00494233937397035,0.896440129449838,0.952076677316294,0.00483091787439614,1,0.0323101777059774
"10",0.976599063962558,0.00320512820512821,0.979750778816199,0.935085007727975,0.996904024767802,0.412213740458015,0.0210016155088853,0.143072289156627,1,1,0.889423076923077,0.0658105939004815,0.00455235204855842,0.996794871794872,0.996794871794872,0.984350547730829,0.0109375,0.953703703703704,0.987441130298273,0.901990811638591,0.958466453674121,0.0167173252279635,0.996784565916399,0.996904024767802,0.0593900481540931,0.0139751552795031,0.00464396284829721,0.996889580093313,0.412420382165605,0,0.962006079027356,1,0.169184290030211,0.173981191222571,0,0,0.953488372093023,0,0.987480438184664,0.99075500770416,0.996763754045307,0.981220657276995,0.996820349761526,0.0465116279069767,1,0.995184590690209,0.0527950310559006,0.995153473344103,0.141744548286604,0.887096774193548,0.996779388083736,1,0.973509933774834,0.00156985871271586,0.996840442338073,0.996825396825397,0.984126984126984,0,0.984802431610942,1,0.00474683544303797,0.90809968847352,0.973478939157566,1,0.00318979266347687,0.893312101910828,0.954968944099379,0.00312989045383412,1,0.0287081339712919
"11",0.9024,0.0951612903225806,0.907378335949764,0.940438871473354,0.875993640699523,0.352574102964119,0.110932475884244,0.105426356589147,0.892156862745098,0.889423076923077,1,0.0699186991869919,0.125766871165644,0.882075471698113,0.875598086124402,0.913385826771654,0.0721003134796238,0.932907348242812,0.923076923076923,0.996927803379416,0.93719806763285,0.0764525993883792,0.892739273927393,0.872670807453416,0.111470113085622,0.0716510903426791,0.130568356374808,0.887658227848101,0.301916932907348,0.105740181268882,0.868421052631579,0.880523731587561,0.098613251155624,0.0995260663507109,0.0959119496855346,0.098613251155624,0.84044233807267,0.106012658227848,0.914826498422713,0.898119122257053,0.882258064516129,0.906497622820919,0.90527950310559,0.0977917981072555,0.889067524115756,0.898713826366559,0.118279569892473,0.906148867313916,0.299065420560748,1,0.900974025974026,0.894060995184591,0.926108374384236,0.102040816326531,0.880952380952381,0.867298578199052,0.914516129032258,0.111975116640746,0.899390243902439,0.890302066772655,0.123809523809524,0.788288288288288,0.921259842519685,0.889240506329114,0.122186495176849,1,0.946957878315133,0.1248,0.882352941176471,0.1264
"12",0.056,0.938709677419355,0.0554675118858954,0.0733652312599681,0.0746031746031746,0.705329153605016,0.963756177924217,0.960443037974684,0.0722495894909688,0.0658105939004815,0.0699186991869919,1,0.919254658385093,0.0813008130081301,0.0811258278145695,0.0478468899521531,0.960629921259842,0.042483660130719,0.0479233226837061,0.0634920634920635,0.0358890701468189,0.967136150234742,0.0713101160862355,0.0750798722044728,0.983739837398374,0.966453674121406,0.918238993710692,0.07085346215781,0.726666666666667,0.927914110429448,0.113029827315542,0.0654362416107383,0.940345368916798,0.931419457735247,0.928802588996764,0.929797191887676,0.125200642054575,0.92822966507177,0.0543130990415335,0.0589171974522293,0.0796019900497512,0.0479233226837061,0.0649762282091918,0.985553772070626,0.0751633986928105,0.0746753246753247,0.987281399046105,0.0587275693311582,0.82807570977918,0.0682926829268293,0.0584415584415584,0.0684039087947883,0.0545454545454545,0.939102564102564,0.0681818181818182,0.0827922077922078,0.0476973684210526,0.92604501607717,0.0636645962732919,0.0551053484602917,0.9136,0.170347003154574,0.0477707006369427,0.0685805422647528,0.919672131147541,0.0696920583468395,0.0366826156299841,0.917065390749601,0.0731707317073171,0.956451612903226
"13",0.0305810397553517,0.990712074303406,0.0256024096385542,0.0730593607305936,0.00153374233128834,0.531437125748503,0.968847352024922,0.82701062215478,0.00628930817610063,0.00455235204855842,0.125766871165644,0.919254658385093,1,0.00156739811912226,0.00155763239875389,0.0214723926380368,0.984709480122324,0.0552147239263804,0.0168711656441718,0.112107623318386,0.0448,0.974814814814815,0,0.00151745068285281,0.925233644859813,0.980061349693252,1,0.00606980273141123,0.542721518987342,1,0.0301204819277108,0.00637958532695375,0.806259314456036,0.799093655589124,0.996894409937888,0.99702823179792,0.0259146341463415,0.995495495495496,0.0169230769230769,0.0106870229007634,0.00155763239875389,0.0261136712749616,0.00762195121951219,0.941896024464832,0.0062402496099844,0.00933125972006221,0.930722891566265,0.0109204368174727,0.853252647503782,0.127725856697819,0.00805152979066022,0.00464396284829721,0.0331230283911672,0.995412844036697,0,0,0.0216383307573416,1,0.0207100591715976,0.00617283950617284,1,0.0621212121212121,0.0332326283987915,0.0045662100456621,1,0.116743471582181,0.054380664652568,1,0.00610687022900763,0.958397534668721
"14",0.97275641025641,0.00642054574638844,0.977883096366509,0.936908517350158,1,0.434782608695652,0.0262295081967213,0.160493827160494,0.995073891625616,0.996794871794872,0.882075471698113,0.0813008130081301,0.00156739811912226,1,1,0.980707395498392,0.015600624024961,0.947784810126582,0.985714285714286,0.898176291793313,0.961102106969206,0.0200617283950617,1,1,0.0682926829268293,0.015625,0.00152671755725191,0.996830427892235,0.435275080906149,0,0.970219435736677,0.995073891625616,0.182648401826484,0.189490445859873,0.00318471337579618,0.00151975683890578,0.965732087227414,0.00312989045383412,0.985849056603774,0.988941548183254,1,0.976780185758514,0.995327102803738,0.0527950310559006,0.995207667731629,0.993620414673046,0.0613207547169811,0.99016393442623,0.153238546603476,0.876847290640394,0.995145631067961,0.995137763371151,0.971947194719472,0.00313971742543171,1,0.998425196850394,0.98371335504886,0,0.981818181818182,0.995297805642633,0.00159489633173844,0.926380368098159,0.971653543307087,0.996835443037975,0,0.890302066772655,0.948194662480377,0,0.995253164556962,0.0350877192982456
"15",0.969889064976228,0.00818330605564648,0.97456279809221,0.927099841521395,1,0.43730407523511,0.0309951060358891,0.157733537519142,0.995090016366612,0.996794871794872,0.875598086124402,0.0811258278145695,0.00155763239875389,1,1,0.977124183006536,0.0144,0.947204968944099,0.983870967741935,0.891509433962264,0.955737704918033,0.0248062015503876,1,1,0.0713128038897893,0.0192,0.00154083204930663,0.995283018867924,0.427642276422764,0,0.967340590979782,0.995,0.180704441041348,0.186602870813397,0.00318979266347687,0.00156739811912226,0.960380348652932,0.00315955766192733,0.980769230769231,0.987301587301587,1,0.974683544303797,0.993680884676145,0.0544,0.995161290322581,0.993569131832797,0.0678233438485804,0.988562091503268,0.16031746031746,0.872093023255814,0.993421052631579,0.995184590690209,0.96661101836394,0.0048,1,0.998381877022654,0.980487804878049,0,0.979969183359014,0.995238095238095,0.00158478605388273,0.919175911251981,0.966613672496025,0.996805111821086,0,0.885852090032154,0.946540880503145,0,0.995137763371151,0.0373376623376623
"16",0.995290423861852,0.0111287758346582,0.998432601880878,0.959938366718028,0.984251968503937,0.388973966309342,0.0113268608414239,0.126738794435858,0.983766233766234,0.984350547730829,0.913385826771654,0.0478468899521531,0.0214723926380368,0.980707395498392,0.977124183006536,1,0,0.976525821596244,1,0.929356357927786,0.983686786296901,0.0015220700152207,0.983660130718954,0.978428351309707,0.0353697749196141,0.00152905198776758,0.0231124807395994,0.985871271585557,0.384615384615385,0.0106544901065449,0.949308755760369,0.986863711001642,0.143297380585516,0.154559505409583,0.0110062893081761,0.0121765601217656,0.935897435897436,0.0140405616224649,0.996870109546166,0.993769470404984,0.977848101265823,0.998415213946117,0.987381703470032,0.0265210608424337,0.982343499197432,0.9792,0.0342679127725857,0.996805111821086,0.172093023255814,0.911575562700965,0.991883116883117,0.989096573208723,0.99510603588907,0.0123456790123457,0.984177215189873,0.977917981072555,1,0.0158227848101266,0.998461538461539,0.99211356466877,0.0191082802547771,0.889408099688474,0.995275590551181,0.987711213517665,0.0224358974358974,0.92018779342723,0.97339593114241,0.0215384615384615,0.9824,0.0335463258785942
"17",0.00304878048780488,0.9921875,0,0.036697247706422,0.0091324200913242,0.603658536585366,0.993788819875776,0.888048411497731,0.0111464968152866,0.0109375,0.0721003134796238,0.960629921259842,0.984709480122324,0.015600624024961,0.0144,0,1,0.0170015455950541,0,0.0540958268933539,0.0112359550561798,1,0.0144927536231884,0.0153374233128834,0.963722397476341,1,0.983679525222552,0.0108191653786708,0.629032258064516,0.991084695393759,0.0377073906485671,0.0112359550561798,0.866868381240545,0.870514820592824,0.987616099071207,0.987897125567322,0.0544323483670296,0.992354740061162,0.0015220700152207,0.0046583850931677,0.0142630744849445,0,0.0093167701863354,0.976923076923077,0.0127388535031847,0.015625,0.969465648854962,0.00157977883096367,0.823802163833076,0.0748407643312102,0.0063391442155309,0.00783699059561128,0.00316957210776545,0.990712074303406,0.0109546165884194,0.0139318885448916,0,0.989296636085627,0,0.0062015503875969,0.988993710691824,0.0980392156862745,0.0031055900621118,0.00925925925925926,0.988924050632911,0.0716510903426791,0.0214067278287462,0.985915492957746,0.0124804992199688,0.975077881619938
"18",0.978159126365055,0.0398089171974522,0.970404984423676,0.97360248447205,0.9515625,0.383792048929664,0.0435483870967742,0.109090909090909,0.950715421303657,0.953703703703704,0.932907348242812,0.042483660130719,0.0552147239263804,0.947784810126582,0.947204968944099,0.976525821596244,0.0170015455950541,1,0.979591836734694,0.950233281493002,1,0.0166919575113809,0.947115384615385,0.944272445820433,0.0704,0.0170278637770898,0.0578386605783866,0.952755905511811,0.352180936995153,0.0416666666666667,0.928571428571429,0.955074875207987,0.121580547112462,0.131782945736434,0.0349206349206349,0.0365853658536585,0.91679748822606,0.0400616332819723,0.9703125,0.961059190031153,0.945859872611465,0.973186119873817,0.956589147286822,0.0483619344773791,0.953821656050955,0.951181102362205,0.0618238021638331,0.96474358974359,0.2234375,0.940514469453376,0.957860615883306,0.962085308056872,0.98371335504886,0.0414110429447853,0.949367088607595,0.941915227629513,0.977671451355662,0.0443740095087163,0.967987804878049,0.960815047021944,0.0544323483670296,0.869029275808937,0.976525821596244,0.956454121306376,0.0499194847020934,0.9453125,1,0.054858934169279,0.94888178913738,0.0657051282051282
"19",1,0.00788643533123028,1,0.9609375,0.987361769352291,0.387345679012346,0.00963081861958266,0.120795107033639,0.986970684039088,0.987441130298273,0.923076923076923,0.0479233226837061,0.0168711656441718,0.985714285714286,0.983870967741935,1,0,0.979591836734694,1,0.933539412673879,0.983844911147011,0,0.986842105263158,0.982677165354331,0.0467741935483871,0,0.018348623853211,0.989214175654854,0.381933438985737,0.00895522388059702,0.955315870570108,0.987034035656402,0.133738601823708,0.150943396226415,0.0111821086261981,0.0106060606060606,0.93522906793049,0.00934579439252336,1,0.993846153846154,0.984227129337539,1,0.990654205607477,0.0295489891135303,0.985553772070626,0.9826224328594,0.0416666666666667,0.996850393700787,0.177018633540373,0.925039872408293,0.993579454253612,0.990476190476191,0.995161290322581,0.00927357032457496,0.990610328638498,0.9824,1,0.0125588697017268,1,0.995230524642289,0.0142405063291139,0.892141756548536,0.996865203761755,0.989010989010989,0.0145161290322581,0.92879746835443,0.981308411214953,0.0157728706624606,0.985871271585557,0.0353697749196141
"20",0.920245398773006,0.0796324655436447,0.925757575757576,0.95059880239521,0.892966360856269,0.368421052631579,0.0940438871473354,0.108955223880597,0.90251572327044,0.901990811638591,0.996927803379416,0.0634920634920635,0.112107623318386,0.898176291793313,0.891509433962264,0.929356357927786,0.0540958268933539,0.950233281493002,0.933539412673879,1,0.948031496062992,0.0623145400593472,0.909090909090909,0.887366818873668,0.0909090909090909,0.0635400907715582,0.115097159940209,0.897674418604651,0.313880126182965,0.0905109489051095,0.887048192771084,0.897106109324759,0.10762331838565,0.111111111111111,0.0798771121351766,0.0869565217391304,0.857142857142857,0.0930930930930931,0.930091185410334,0.90726429675425,0.894984326018809,0.926153846153846,0.911179173047473,0.0852359208523592,0.89937106918239,0.911627906976744,0.0968229954614221,0.926100628930818,0.284210526315789,0.996810207336523,0.908805031446541,0.90726429675425,0.946031746031746,0.0847457627118644,0.894245723172628,0.882621951219512,0.928125,0.100917431192661,0.917664670658683,0.910876132930514,0.108527131782946,0.815868263473054,0.933834586466165,0.901990811638591,0.10641627543036,1,0.95619335347432,0.110939907550077,0.895545314900154,0.109375
"21",0.983870967741935,0.0324675324675325,0.977491961414791,0.971246006389776,0.964458804523425,0.372641509433962,0.034257748776509,0.0965732087227414,0.961666666666667,0.958466453674121,0.93719806763285,0.0358890701468189,0.0448,0.961102106969206,0.955737704918033,0.983686786296901,0.0112359550561798,1,0.983844911147011,0.948031496062992,1,0.0140405616224649,0.959527824620573,0.953821656050955,0.0628099173553719,0.0111464968152866,0.0488188976377953,0.959677419354839,0.34094616639478,0.0358255451713396,0.922118380062305,0.964765100671141,0.11214953271028,0.124203821656051,0.032520325203252,0.0341085271317829,0.906752411575563,0.0336,0.97456279809221,0.967637540453074,0.956953642384106,0.980645161290323,0.964573268921095,0.0438184663536776,0.959016393442623,0.959742351046699,0.0555555555555556,0.972624798711755,0.207874015748031,0.940199335548173,0.963875205254516,0.965686274509804,0.989915966386555,0.0357142857142857,0.957996768982229,0.95049504950495,0.982142857142857,0.036741214057508,0.974921630094044,0.967479674796748,0.045016077170418,0.856692913385827,0.983844911147011,0.9648,0.0411184210526316,0.942307692307692,0.998407643312102,0.0453074433656958,0.957585644371941,0.05
"22",0.00303030303030303,0.989312977099237,0,0.037593984962406,0.0152439024390244,0.602086438152012,0.990683229813665,0.8841642228739,0.0172955974842767,0.0167173252279635,0.0764525993883792,0.967136150234742,0.974814814814815,0.0200617283950617,0.0248062015503876,0.0015220700152207,1,0.0166919575113809,0,0.0623145400593472,0.0140405616224649,1,0.0174880763116057,0.0225903614457831,0.964506172839506,1,0.974926253687316,0.0168711656441718,0.620583717357911,0.986937590711176,0.0474777448071217,0.0141287284144427,0.87518573551263,0.86535552193646,0.986404833836858,0.98813056379822,0.0648567119155355,0.986506746626687,0.00300751879699248,0.00610687022900763,0.0214395099540582,0,0.0121028744326778,0.977477477477477,0.0171606864274571,0.0201863354037267,0.967016491754123,0.00307219662058372,0.819148936170213,0.0731319554848967,0.0108191653786708,0.0122699386503067,0.00313479623824451,0.986404833836858,0.0154559505409583,0.0227617602427921,0,0.981651376146789,0.0015015015015015,0.00898203592814371,0.979782270606532,0.109144542772861,0.00303030303030303,0.0121212121212121,0.979782270606532,0.0707692307692308,0.0166919575113809,0.977099236641221,0.0185185185185185,0.963414634146341
"23",0.975328947368421,0.00668896321070234,0.980707395498392,0.936908517350158,1,0.440705128205128,0.026578073089701,0.158307210031348,0.99505766062603,0.996784565916399,0.892739273927393,0.0713101160862355,0,1,1,0.983660130718954,0.0144927536231884,0.947115384615385,0.986842105263158,0.909090909090909,0.959527824620573,0.0174880763116057,1,1,0.0684474123539232,0.0146103896103896,0,0.99673735725938,0.439267886855241,0,0.966772151898734,0.994880546075085,0.184126984126984,0.195121951219512,0.00326797385620915,0.00158730158730159,0.955342902711324,0.00318471337579618,0.987138263665595,0.988636363636364,1,0.978827361563518,0.995207667731629,0.0517799352750809,0.995008319467554,0.99504132231405,0.0648298217179903,0.990082644628099,0.15814696485623,0.893581081081081,0.995,0.99505766062603,0.973109243697479,0.00327868852459016,1,1,0.983361064891847,0,0.982704402515723,0.995184590690209,0,0.919811320754717,0.97258064516129,0.996805111821086,0,0.899350649350649,0.946601941747573,0,0.995081967213115,0.0442622950819672
"24",0.970633693972179,0.0063391442155309,0.973478939157566,0.92530487804878,1,0.439209726443769,0.0256410256410256,0.150375939849624,0.996784565916399,0.996904024767802,0.872670807453416,0.0750798722044728,0.00151745068285281,1,1,0.978428351309707,0.0153374233128834,0.944272445820433,0.982677165354331,0.887366818873668,0.953821656050955,0.0225903614457831,1,1,0.0660377358490566,0.018348623853211,0.00150375939849624,0.996918335901387,0.443561208267091,0,0.963636363636364,0.996774193548387,0.171428571428571,0.182242990654206,0.00155038759689922,0.00151975683890578,0.958204334365325,0.00154083204930663,0.982945736434109,0.989096573208723,1,0.975116640746501,0.993759750390016,0.0495356037151703,0.996835443037975,0.993730407523511,0.0615384615384615,0.990384615384615,0.148377125193199,0.870813397129187,0.995260663507109,0.996894409937888,0.967741935483871,0.00311526479750779,1,0.998412698412698,0.979527559055118,0,0.978851963746224,0.996923076923077,0.00155038759689922,0.924615384615385,0.967542503863988,0.998470948012232,0,0.880434782608696,0.943425076452599,0,0.996850393700787,0.0298273155416013
"25",0.0470779220779221,0.953301127214171,0.0411392405063291,0.102362204724409,0.0649762282091918,0.670295489891135,0.983766233766234,0.931570762052877,0.0671140939597315,0.0593900481540931,0.111470113085622,0.983739837398374,0.925233644859813,0.0682926829268293,0.0713128038897893,0.0353697749196141,0.963722397476341,0.0704,0.0467741935483871,0.0909090909090909,0.0628099173553719,0.964506172839506,0.0684474123539232,0.0660377358490566,1,0.967741935483871,0.926216640502355,0.0583596214511041,0.669902912621359,0.935285053929122,0.107309486780715,0.0556464811783961,0.91679748822606,0.911251980982567,0.939297124600639,0.937597503900156,0.115689381933439,0.935534591194969,0.0408163265306122,0.0422764227642276,0.0732899022801303,0.035031847133758,0.0612903225806452,0.995222929936306,0.0630182421227197,0.06957928802589,0.995275590551181,0.043046357615894,0.847244094488189,0.108196721311475,0.054635761589404,0.0509031198686371,0.0516666666666667,0.949685534591195,0.059967585089141,0.0715447154471545,0.0429042904290429,0.934713375796178,0.0526315789473684,0.0449438202247191,0.92741935483871,0.150470219435737,0.0443037974683544,0.0546875,0.929967426710098,0.0981012658227848,0.0657276995305164,0.928115015974441,0.0641025641025641,0.974151857835218
"26",0.00153139356814701,0.992150706436421,0,0.0382848392036753,0.0153609831029186,0.611940298507463,0.990445859872611,0.897435897435897,0.0127591706539075,0.0139751552795031,0.0716510903426791,0.966453674121406,0.980061349693252,0.015625,0.0192,0.00152905198776758,1,0.0170278637770898,0,0.0635400907715582,0.0111464968152866,1,0.0146103896103896,0.018348623853211,0.967741935483871,1,0.978625954198473,0.0125391849529781,0.6234375,0.991071428571429,0.0458015267175573,0.0145631067961165,0.874811463046757,0.865116279069767,0.990610328638498,0.990839694656489,0.0551301684532925,0.990783410138249,0.00151975683890578,0.00772797527047913,0.0173775671406003,0,0.00933125972006221,0.976923076923077,0.0126782884310618,0.0156739811912226,0.971036585365854,0.0031496062992126,0.813353566009105,0.0707395498392283,0.00967741935483871,0.00786163522012579,0.00483091787439614,0.989130434782609,0.0156985871271586,0.01875,0,0.984496124031008,0,0.00923076923076923,0.981366459627329,0.100763358778626,0.00154083204930663,0.0122511485451761,0.982866043613707,0.0677966101694915,0.0168970814132104,0.979719188767551,0.0157232704402516,0.965354330708661
"27",0.0317700453857791,0.990726429675425,0.0271493212669683,0.0770392749244713,0.00150375939849624,0.54954954954955,0.970903522205207,0.837278106508876,0.0062992125984252,0.00464396284829721,0.130568356374808,0.918238993710692,1,0.00152671755725191,0.00154083204930663,0.0231124807395994,0.983679525222552,0.0578386605783866,0.018348623853211,0.115097159940209,0.0488188976377953,0.974926253687316,0,0.00150375939849624,0.926216640502355,0.978625954198473,1,0.00613496932515337,0.55177743431221,1,0.0336749633967789,0.0064,0.814159292035398,0.8,0.996932515337423,0.997010463378176,0.0406015037593985,0.995433789954338,0.0178306092124814,0.0122324159021407,0.0015527950310559,0.0275229357798165,0.00755287009063444,0.942424242424242,0.00625978090766823,0.0077639751552795,0.931649331352155,0.0125195618153365,0.857997010463378,0.131868131868132,0.00784929356357928,0.00469483568075117,0.0316957210776545,0.995412844036697,0,0,0.0218408736349454,1,0.0222551928783383,0.00613496932515337,1,0.0754437869822485,0.0333333333333333,0.0045045045045045,1,0.124423963133641,0.0578386605783866,1,0.00618238021638331,0.961890243902439
"28",0.978159126365055,0,0.98125,0.934782608695652,0.995341614906832,0.399082568807339,0.0205047318611987,0.141538461538462,0.996815286624204,0.996889580093313,0.887658227848101,0.07085346215781,0.00606980273141123,0.996830427892235,0.995283018867924,0.985871271585557,0.0108191653786708,0.952755905511811,0.989214175654854,0.897674418604651,0.959677419354839,0.0168711656441718,0.99673735725938,0.996918335901387,0.0583596214511041,0.0125391849529781,0.00613496932515337,1,0.399678972712681,0.0029940119760479,0.961890243902439,0.996794871794872,0.162650602409639,0.167441860465116,0.00156985871271586,0,0.957878315132605,0.00152905198776758,0.986024844720497,0.993769470404984,0.995230524642289,0.982839313572543,1,0.0419906687402799,0.996805111821086,0.993670886075949,0.0510835913312693,0.995192307692308,0.140888208269525,0.881219903691814,1,1,0.977198697068404,0,0.998444790046656,0.993730407523511,0.987261146496815,0.003125,0.984779299847793,1,0.00471698113207547,0.916149068322981,0.976816074188563,0.996904024767802,0.00481540930979133,0.892018779342723,0.954545454545455,0.00310077519379845,0.996894409937888,0.0251177394034537
"29",0.392,0.585526315789474,0.373626373626374,0.357366771159875,0.425566343042071,0.965678627145086,0.635922330097087,0.766871165644172,0.425774877650897,0.412420382165605,0.301916932907348,0.726666666666667,0.542721518987342,0.435275080906149,0.427642276422764,0.384615384615385,0.629032258064516,0.352180936995153,0.381933438985737,0.313880126182965,0.34094616639478,0.620583717357911,0.439267886855241,0.443561208267091,0.669902912621359,0.6234375,0.55177743431221,0.399678972712681,1,0.575528700906344,0.450769230769231,0.423645320197044,0.815336463223787,0.855095541401274,0.567961165048544,0.550702028081123,0.491283676703645,0.555729984301413,0.395569620253165,0.371382636655949,0.437299035369775,0.37258064516129,0.400641025641026,0.667192429022082,0.414754098360656,0.423701298701299,0.679304897314376,0.380718954248366,0.650238473767886,0.291181364392679,0.388235294117647,0.404153354632588,0.380165289256198,0.578446909667195,0.420545746388443,0.450885668276973,0.373970345963756,0.560897435897436,0.395569620253165,0.402889245585875,0.529968454258675,0.538699690402477,0.364928909952607,0.413793103448276,0.5392,0.288216560509554,0.338658146964856,0.542721518987342,0.409385113268608,0.641357027463651
"30",0.0167173252279635,0.996941896024465,0.0149253731343284,0.0589970501474926,0,0.576470588235294,0.978527607361963,0.847161572052402,0,0,0.105740181268882,0.927914110429448,1,0,0,0.0106544901065449,0.991084695393759,0.0416666666666667,0.00895522388059702,0.0905109489051095,0.0358255451713396,0.986937590711176,0,0,0.935285053929122,0.991071428571429,1,0.0029940119760479,0.575528700906344,1,0.0319303338171263,0,0.824891461649783,0.814092953523238,1,1,0.0384615384615385,1,0.00891530460624071,0.00738552437223043,0,0.0150602409638554,0.00297619047619048,0.95139911634757,0,0.00300751879699248,0.939617083946981,0.00303030303030303,0.84077380952381,0.108359133126935,0.00308166409861325,0,0.0202808112324493,0.998507462686567,0,0,0.0105105105105105,1,0.0102639296187683,0,1,0.0735294117647059,0.0191176470588235,0,1,0.0977443609022556,0.0421511627906977,1,0,0.963076923076923
"31",0.944108761329305,0.0296411856474259,0.944360902255639,0.940998487140696,0.971036585365854,0.476479514415782,0.062402496099844,0.197349042709867,0.963779527559055,0.962006079027356,0.868421052631579,0.113029827315542,0.0301204819277108,0.970219435736677,0.967340590979782,0.949308755760369,0.0377073906485671,0.928571428571429,0.955315870570108,0.887048192771084,0.922118380062305,0.0474777448071217,0.966772151898734,0.963636363636364,0.107309486780715,0.0458015267175573,0.0336749633967789,0.961890243902439,0.450769230769231,0.0319303338171263,1,0.958532695374801,0.214497041420118,0.227202472952087,0.0261136712749616,0.0195195195195195,0.968085106382979,0.0254491017964072,0.954887218045113,0.9558599695586,0.970542635658915,0.951070336391437,0.963302752293578,0.0803030303030303,0.960629921259842,0.970496894409938,0.105666156202144,0.956656346749226,0.209969788519637,0.863708399366086,0.957345971563981,0.96030534351145,0.952,0.036697247706422,0.965204236006051,0.974045801526718,0.954758190327613,0.0276497695852535,0.951807228915663,0.958841463414634,0.0305810397553517,0.928358208955224,0.937019969278034,0.961948249619482,0.0308166409861325,0.875187969924812,0.927272727272727,0.0242792109256449,0.956521739130435,0.0715396578538103
"32",0.979032258064516,0.0033167495854063,0.982142857142857,0.932038834951456,0.995073891625616,0.423566878980892,0.0178861788617886,0.143312101910828,1,1,0.880523731587561,0.0654362416107383,0.00637958532695375,0.995073891625616,0.995,0.986863711001642,0.0112359550561798,0.955074875207987,0.987034035656402,0.897106109324759,0.964765100671141,0.0141287284144427,0.994880546075085,0.996774193548387,0.0556464811783961,0.0145631067961165,0.0064,0.996794871794872,0.423645320197044,0,0.958532695374801,1,0.173566878980892,0.174267100977199,0,0,0.954397394136808,0,0.988673139158576,0.99184339314845,0.995008319467554,0.983633387888707,0.996753246753247,0.0455284552845528,1,0.995098039215686,0.0512,0.995024875621891,0.1552,0.879251700680272,0.996666666666667,1,0.976351351351351,0.00164203612479475,0.995065789473684,0.994991652754591,0.988448844884488,0.00161812297734628,0.987158908507223,1,0.00658978583196046,0.908227848101266,0.97741935483871,1,0.00495867768595041,0.889067524115756,0.954248366013072,0.00492610837438424,1,0.0296052631578947
"33",0.151057401812689,0.842923794712286,0.140483383685801,0.162444113263785,0.179331306990881,0.783333333333333,0.873831775700935,0.991150442477876,0.169036334913112,0.169184290030211,0.098613251155624,0.940345368916798,0.806259314456036,0.182648401826484,0.180704441041348,0.143297380585516,0.866868381240545,0.121580547112462,0.133738601823708,0.10762331838565,0.11214953271028,0.87518573551263,0.184126984126984,0.171428571428571,0.91679748822606,0.874811463046757,0.814159292035398,0.162650602409639,0.815336463223787,0.824891461649783,0.214497041420118,0.173566878980892,1,1,0.831269349845201,0.820359281437126,0.224085365853659,0.818873668188737,0.148936170212766,0.148425787106447,0.1890625,0.134762633996937,0.162079510703364,0.898773006134969,0.171561051004637,0.163833075734158,0.905405405405405,0.142414860681115,0.766214177978884,0.0914826498422713,0.142410015649452,0.161490683229814,0.151658767772512,0.844410876132931,0.181679389312977,0.195084485407066,0.140845070422535,0.824345146379045,0.151693667157585,0.150076569678407,0.807339449541284,0.268545994065282,0.137254901960784,0.168181818181818,0.807692307692308,0.0931297709923664,0.113981762917933,0.806990881458967,0.173047473200613,0.888888888888889
"34",0.161442006269592,0.838862559241706,0.146417445482866,0.162861491628615,0.18622848200313,0.809230769230769,0.863207547169811,0.986322188449848,0.173633440514469,0.173981191222571,0.0995260663507109,0.931419457735247,0.799093655589124,0.189490445859873,0.186602870813397,0.154559505409583,0.870514820592824,0.131782945736434,0.150943396226415,0.111111111111111,0.124203821656051,0.86535552193646,0.195121951219512,0.182242990654206,0.911251980982567,0.865116279069767,0.8,0.167441860465116,0.855095541401274,0.814092953523238,0.227202472952087,0.174267100977199,1,1,0.819466248037677,0.814307458143075,0.23374613003096,0.807395993836672,0.158878504672897,0.151468315301391,0.19935691318328,0.136507936507936,0.170542635658915,0.88646967340591,0.180511182108626,0.171974522292994,0.895454545454546,0.154213036565978,0.764252696456086,0.0932475884244373,0.157212317666126,0.170807453416149,0.161500815660685,0.83695652173913,0.191222570532915,0.200317965023847,0.148837209302326,0.817034700315457,0.160060975609756,0.161042944785276,0.799687010954617,0.289193302891933,0.143297380585516,0.175925925925926,0.798711755233494,0.0933125972006221,0.120426829268293,0.79559748427673,0.183254344391785,0.880952380952381
