"","V1","V2","V3","V4","V5","V6","V7","V8","V9","V10","V11","V12","V13","V14","V15","V16","V17","V18","V19","V20","V21","V22","V23","V24","V25","V26","V27","V28","V29","V30","V31","V32","V33","V34","V35","V36","V37","V38","V39","V40","V41","V42","V43","V44","V45","V46","V47","V48","V49","V50","V51","V52","V53","V54","V55","V56","V57","V58","V59","V60","V61","V62","V63","V64","V65","V66","V67","V68","V69","V70"
"1",1,0.0749601275917065,0.987179487179487,0.967289719626168,0.869983948635634,0.025,0.0473856209150327,0.047244094488189,0.596518987341772,0.919003115264797,0.9792,0.0113085621970921,0.113085621970921,0.774877650897227,0.801932367149758,0.97626582278481,0.0172955974842767,0.996820349761526,0.981102362204724,0.998389694041868,0.998355263157895,0.0192,0.733441033925687,0.8448,0.0205047318611987,0.0176282051282051,0.276729559748428,0.934210526315789,0.0157977883096366,0.081377151799687,0.535657686212361,0.917329093799682,0.00784929356357928,0.0126582278481013,0.0769230769230769,0.0824088748019017,0.451816745655608,0.0745033112582782,0.7328,0.967793880837359,0.825657894736842,0.982315112540193,0.924315619967794,0.0200927357032458,0.912762520193861,0.72,0.0242718446601942,0.971428571428571,0.0974025974025974,1,0.938709677419355,0.927335640138408,0.992088607594937,0.073959938366718,0.428115015974441,0.844339622641509,0.99685534591195,0.0750798722044728,0.973509933774834,0.913978494623656,0.419934640522876,0.449838187702265,1,0.92443729903537,0.0802568218298555,0.99836867862969,0.996715927750411,0.0765625,0.918006430868167,0.028006589785832
"2",0.0749601275917065,1,0.062200956937799,0.121580547112462,0.0446841294298921,0.941538461538462,0.974151857835218,0.897832817337461,0.359133126934985,0.00155763239875389,0.102167182662539,0.941362916006339,0.974723538704581,0.132921174652241,0.101721439749609,0.0504731861198738,0.948091603053435,0.0745341614906832,0.0605590062111801,0.0825396825396825,0.0764227642276423,0.94478527607362,0.169572107765452,0.0598425196850394,0.939157566302652,0.95141065830721,0.804381846635368,0.00642054574638844,0.908668730650155,1,0.423380726698262,0.00154083204930663,0.922834645669291,0.926905132192846,0.998422712933754,1,0.455538221528861,1,0.351477449455676,0.0434083601286174,0.0817307692307692,0.0592948717948718,0.00626959247648903,0.941085271317829,0.0015552099533437,0.229938271604938,0.94620253164557,0.0445468509984639,0.988906497622821,0.078125,0.0109717868338558,0.00341880341880342,0.0654205607476635,1,0.489698890649762,0.0603715170278638,0.0659340659340659,0.998384491114701,0.0490998363338789,0,0.681458003169572,0.456869009584665,0.0729335494327391,0.00157977883096367,0.998420221169036,0.0744336569579288,0.065252854812398,0.998473282442748,0.00157728706624606,0.943273905996759
"3",0.987179487179487,0.062200956937799,1,0.939628482972136,0.89297124600639,0.00458015267175573,0.0305958132045089,0.040625,0.518927444794953,0.934883720930233,0.956454121306376,0.00315457413249211,0.0926517571884984,0.774760383386581,0.80448717948718,0.998427672955975,0.00462962962962963,0.990654205607477,1,0.987261146496815,0.991762767710049,0.00307692307692308,0.724842767295597,0.862068965517241,0.0046801872074883,0.00157728706624606,0.264385692068429,0.947284345047923,0.0234009360374415,0.0642633228840125,0.464678178963893,0.940532081377152,0.0123647604327666,0.00946372239747634,0.0599369085173502,0.0656,0.411302982731554,0.0657894736842105,0.6736,0.987480438184664,0.827697262479871,1,0.942766295707472,0.00313479623824451,0.936406995230525,0.678516228748068,0.00628930817610063,0.9921875,0.0814696485623003,0.987519500780031,0.951690821256039,0.947189097103918,0.996860282574568,0.0581929555895865,0.394524959742351,0.863565891472868,0.995341614906832,0.0608974358974359,1,0.932515337423313,0.419614147909968,0.422893481717011,0.991762767710049,0.944178628389155,0.0678513731825525,0.987158908507223,0.99512987012987,0.0569230769230769,0.938775510204082,0.00323101777059774
"4",0.967289719626168,0.121580547112462,0.939628482972136,1,0.829721362229102,0.0688622754491018,0.098310291858679,0.0948795180722892,0.632621951219512,0.865963855421687,0.985007496251874,0.0401854714064915,0.169491525423729,0.755690440060698,0.771121351766513,0.934150076569678,0.0506706408345753,0.960546282245827,0.939485627836611,0.972179289026275,0.958925750394945,0.0495495495495495,0.697852760736196,0.797507788161994,0.0618401206636501,0.053680981595092,0.33843797856049,0.874039938556068,0.053680981595092,0.123493975903614,0.581679389312977,0.870676691729323,0.0439393939393939,0.0410334346504559,0.12443095599393,0.119815668202765,0.470229007633588,0.115141955835962,0.773211567732116,0.928792569659443,0.784375,0.937308868501529,0.874051593323217,0.0513595166163142,0.862385321100917,0.736842105263158,0.0647590361445783,0.928787878787879,0.149068322981366,0.968373493975904,0.887692307692308,0.868932038834951,0.952380952380952,0.122962962962963,0.447530864197531,0.797037037037037,0.952307692307692,0.123076923076923,0.932038834951456,0.862121212121212,0.463223787167449,0.485271317829457,0.963434022257552,0.878086419753086,0.133535660091047,0.9609375,0.95447409733124,0.115269461077844,0.871794871794872,0.0651828298887122
"5",0.869983948635634,0.0446841294298921,0.89297124600639,0.829721362229102,1,0.108231707317073,0.0832,0.163076923076923,0.671406003159558,0.952086553323029,0.831513260530421,0.108490566037736,0.0382165605095541,0.91499227202473,0.946540880503145,0.898148148148148,0.0966257668711656,0.870109546165884,0.891808346213292,0.859424920127795,0.87075928917609,0.107033639143731,0.873239436619718,0.990536277602524,0.105590062111801,0.100787401574803,0.144409937888199,0.941455696202532,0.145061728395062,0.0481366459627329,0.605633802816901,0.955589586523737,0.128526645768025,0.122861586314152,0.0451713395638629,0.0382165605095541,0.58641975308642,0.0291734197730956,0.670826833073323,0.903426791277259,0.971107544141252,0.888188976377953,0.942097026604069,0.110769230769231,0.956181533646322,0.798461538461538,0.0968253968253968,0.905132192846034,0.0455259026687598,0.868421052631579,0.948031496062992,0.956666666666667,0.878740157480315,0.0544629349470499,0.565768621236133,0.992199687987519,0.877112135176651,0.0549450549450549,0.892857142857143,0.953488372093023,0.270866141732283,0.591772151898734,0.870607028753994,0.958860759493671,0.0456692913385827,0.866454689984102,0.884927066450567,0.0290964777947933,0.960691823899371,0.106109324758842
"6",0.025,0.941538461538462,0.00458015267175573,0.0688622754491018,0.108231707317073,1,0.970404984423676,0.940209267563528,0.447806354009077,0.0677710843373494,0.0497737556561086,0.998473282442748,0.904024767801858,0.213740458015267,0.189230769230769,0.00305343511450382,0.998505231689088,0.0212121212121212,0.00149253731343284,0.0234009360374415,0.020440251572327,1,0.269645608628659,0.131297709923664,0.997001499250375,1,0.729041916167665,0.0555555555555556,0.966616084977238,0.937313432835821,0.510703363914373,0.0647590361445783,0.980273141122914,0.983282674772036,0.938650306748466,0.935779816513762,0.557098765432099,0.933649289099526,0.327245053272451,0.0107692307692308,0.162538699690402,0.00462962962962963,0.0584707646176912,1,0.0669710806697108,0.327868852459016,0.996904024767802,0.00610687022900763,0.91588785046729,0.0226586102719033,0.0482866043613707,0.0646203554119548,0.0121580547112462,0.937592867756315,0.582298136645963,0.130952380952381,0.0213089802130898,0.93343653250774,0.00477707006369427,0.0704647676161919,0.592248062015504,0.5421875,0.0188087774294671,0.0629800307219662,0.929339477726575,0.021505376344086,0.01743264659271,0.940119760479042,0.0640243902439024,0.99375
"7",0.0473856209150327,0.974151857835218,0.0305958132045089,0.098310291858679,0.0832,0.970404984423676,1,0.921875,0.424,0.0350877192982456,0.0815047021943574,0.964630225080386,0.940226171243942,0.191318327974277,0.158730158730159,0.0301587301587302,0.9765625,0.0513643659711075,0.0316455696202532,0.0522875816993464,0.0415282392026578,0.978159126365055,0.225961538461538,0.0964630225080386,0.97007874015748,0.976303317535545,0.775477707006369,0.0194805194805195,0.93730407523511,0.971608832807571,0.505546751188589,0.0268987341772152,0.952456418383518,0.958466453674121,0.969354838709677,0.969255663430421,0.529790660225443,0.969899665551839,0.351822503961965,0.0211726384364821,0.120325203252033,0.0351437699680511,0.0207667731629393,0.97339593114241,0.0317965023847377,0.294851794071763,0.97092084006462,0.0221518987341772,0.959216965742251,0.0495207667731629,0.0128410914927769,0.0294117647058824,0.0420711974110032,0.978461538461538,0.544,0.0941915227629513,0.0414012738853503,0.966019417475728,0.0282392026578073,0.03125,0.62684124386252,0.517741935483871,0.0443349753694581,0.0261011419249592,0.964630225080386,0.0522022838499184,0.0435510887772194,0.970219435736677,0.0287539936102236,0.968646864686469
"8",0.047244094488189,0.897832817337461,0.040625,0.0948795180722892,0.163076923076923,0.940209267563528,0.921875,1,0.490853658536585,0.107197549770291,0.0678733031674208,0.962323390894819,0.845047923322684,0.278637770897833,0.254290171606864,0.0719754977029096,0.943198804185351,0.0414110429447853,0.0499243570347958,0.0417310664605873,0.0349761526232114,0.943768996960486,0.321483771251932,0.195046439628483,0.949618320610687,0.950693374422188,0.671779141104294,0.0952380952380952,0.986425339366516,0.877458396369138,0.563271604938272,0.118279569892473,0.968181818181818,0.965204236006051,0.883614088820827,0.88597842835131,0.633587786259542,0.886762360446571,0.354391371340524,0.0676923076923077,0.216174183514774,0.0615384615384615,0.113981762917933,0.94359756097561,0.124615384615385,0.354294478527607,0.941538461538462,0.0621212121212121,0.868421052631579,0.0385802469135802,0.102484472049689,0.106907894736842,0.0508474576271186,0.895988112927192,0.669254658385093,0.191044776119403,0.0412844036697248,0.884012539184953,0.0712025316455696,0.114977307110439,0.5296875,0.635528330781011,0.0428571428571429,0.110591900311526,0.880184331797235,0.0450310559006211,0.0457413249211356,0.883333333333333,0.115853658536585,0.962085308056872
"9",0.596518987341772,0.359133126934985,0.518927444794953,0.632621951219512,0.671406003159558,0.447806354009077,0.424,0.490853658536585,1,0.604261796042618,0.607361963190184,0.446009389671362,0.363779527559055,0.760629921259843,0.760629921259843,0.542113323124043,0.414781297134238,0.548136645962733,0.547581903276131,0.579277864992151,0.557723577235772,0.415384615384615,0.794992175273865,0.682316118935837,0.452453987730061,0.414219474497682,0.435384615384615,0.595348837209302,0.465331278890601,0.372488408037094,0.974960876369327,0.621951219512195,0.449165402124431,0.434049079754601,0.337480559875583,0.333853354134165,0.865947611710324,0.323763955342903,0.875190258751903,0.540412044374009,0.721875,0.5234375,0.618604651162791,0.445820433436532,0.614906832298137,0.892638036809816,0.462382445141066,0.545176110260337,0.3859375,0.566302652106084,0.592248062015504,0.596666666666667,0.565891472868217,0.389649923896499,0.831775700934579,0.680491551459293,0.572964669738863,0.365659777424483,0.560975609756098,0.598187311178248,0.284375,0.863207547169811,0.583601286173633,0.626182965299685,0.370769230769231,0.573926868044515,0.552547770700637,0.358433734939759,0.625776397515528,0.460063897763578
"10",0.919003115264797,0.00155763239875389,0.934883720930233,0.865963855421687,0.952086553323029,0.0677710843373494,0.0350877192982456,0.107197549770291,0.604261796042618,1,0.881901840490798,0.0680061823802164,0.028125,0.854938271604938,0.884555382215289,0.937694704049844,0.0586466165413534,0.918461538461538,0.93558282208589,0.906832298136646,0.92109500805153,0.0624048706240487,0.807153965785381,0.933333333333333,0.0691729323308271,0.0630769230769231,0.196946564885496,0.993690851735016,0.100456621004566,0.00153139356814701,0.526234567901235,1,0.0852359208523592,0.0860215053763441,0,0,0.508500772797527,0,0.605222734254992,0.948678071539658,0.911353032659409,0.931714719271624,0.995384615384615,0.0665658093797277,1,0.745068285280728,0.0667701863354037,0.953775038520801,0.0140405616224649,0.914596273291925,0.989247311827957,1,0.932411674347158,0.00451807228915663,0.484520123839009,0.927914110429448,0.924846625766871,0,0.9456,1,0.334375,0.510835913312694,0.913928012519562,1,0.00156739811912226,0.917981072555205,0.931419457735247,0,1,0.0639625585023401
"11",0.9792,0.102167182662539,0.956454121306376,0.985007496251874,0.831513260530421,0.0497737556561086,0.0815047021943574,0.0678733031674208,0.607361963190184,0.881901840490798,1,0.03125,0.152886115444618,0.73374613003096,0.765891472868217,0.946483180428135,0.037593984962406,0.974203338391502,0.95144157814871,0.9826224328594,0.974025974025974,0.0349013657056146,0.690625,0.804953560371517,0.0473282442748092,0.0367534456355283,0.343653250773994,0.892575039494471,0.035548686244204,0.110271903323263,0.541411042944785,0.883540372670807,0.0336391437308868,0.0273972602739726,0.106481481481481,0.103235747303544,0.425076452599388,0.097444089456869,0.744615384615385,0.948757763975155,0.784591194968553,0.948517940717629,0.893455098934551,0.0424886191198786,0.87673343605547,0.724242424242424,0.0509259259259259,0.948091603053435,0.133540372670807,0.975384615384615,0.906976744186046,0.884176182707993,0.962382445141066,0.107988165680473,0.412130637636081,0.806646525679758,0.967592592592593,0.102848101265823,0.952845528455285,0.880059970014992,0.474178403755869,0.435458786936236,0.972929936305732,0.890625,0.113323124042879,0.973015873015873,0.964630225080386,0.0977099236641221,0.882442748091603,0.0519685039370079
"12",0.0113085621970921,0.941362916006339,0.00315457413249211,0.0401854714064915,0.108490566037736,0.998473282442748,0.964630225080386,0.962323390894819,0.446009389671362,0.0680061823802164,0.03125,1,0.894230769230769,0.2171875,0.192546583850932,0.00311526479750779,0.996923076923077,0.0094488188976378,0,0.00950871632329636,0.00823723228995058,0.998449612403101,0.265700483091787,0.135433070866142,1,1,0.706896551724138,0.0604133545310016,0.983050847457627,0.932707355242567,0.507042253521127,0.0684292379471229,0.992307692307692,0.996884735202492,0.9359375,0.92879746835443,0.566358024691358,0.932692307692308,0.308544303797468,0.0126582278481013,0.1664,0.0031496062992126,0.0618238021638331,1,0.0688,0.31201248049922,0.996810207336523,0.0078125,0.91679748822606,0.00940438871473354,0.0538827258320127,0.0579470198675497,0.0078125,0.936363636363636,0.606012658227848,0.137071651090343,0.0108359133126935,0.934713375796178,0.0033003300330033,0.0701219512195122,0.566037735849057,0.55608214849921,0.0114192495921697,0.0626959247648903,0.930817610062893,0.00955414012738853,0.00986842105263158,0.937888198757764,0.065625,0.996774193548387
"13",0.113085621970921,0.974723538704581,0.0926517571884984,0.169491525423729,0.0382165605095541,0.904024767801858,0.940226171243942,0.845047923322684,0.363779527559055,0.028125,0.152886115444618,0.894230769230769,1,0.110584518167457,0.0838709677419355,0.0949367088607595,0.90795631825273,0.111459968602826,0.0957613814756672,0.125796178343949,0.119672131147541,0.909233176838811,0.158653846153846,0.0428571428571429,0.901098901098901,0.905362776025237,0.884493670886076,0.0381558028616852,0.861370716510903,0.970542635658915,0.412772585669782,0.0253968253968254,0.875590551181102,0.8801261829653,0.972972972972973,0.977564102564103,0.4078125,0.983870967741935,0.392523364485981,0.0752,0.0654952076677316,0.101105845181675,0.033175355450237,0.903937007874016,0.0238095238095238,0.223270440251572,0.903174603174603,0.0805687203791469,0.9792663476874,0.113782051282051,0.0323101777059774,0.0253378378378378,0.104430379746835,0.970814132104455,0.438906752411576,0.0387596899224806,0.112698412698413,0.974193548387097,0.0868852459016393,0.0232198142414861,0.756451612903226,0.4112,0.115072933549433,0.0240384615384615,0.976190476190476,0.123993558776167,0.103333333333333,0.984591679506934,0.0288,0.898026315789474
"14",0.774877650897227,0.132921174652241,0.774760383386581,0.755690440060698,0.91499227202473,0.213740458015267,0.191318327974277,0.278637770897833,0.760629921259843,0.854938271604938,0.73374613003096,0.2171875,0.110584518167457,1,0.979397781299525,0.782208588957055,0.200607902735562,0.75808936825886,0.776923076923077,0.75,0.754385964912281,0.199386503067485,0.956386292834891,0.93730407523511,0.220338983050847,0.206201550387597,0.169278996865204,0.838557993730408,0.268253968253968,0.131498470948012,0.708978328173375,0.855161787365177,0.244648318042813,0.239567233384853,0.127527216174184,0.121306376360809,0.704334365325077,0.0965630114566285,0.724569640062598,0.799682034976153,0.971563981042654,0.775700934579439,0.844236760124611,0.216589861751152,0.854660347551343,0.869831546707504,0.208860759493671,0.788018433179724,0.132283464566929,0.764705882352941,0.84384858044164,0.858585858585859,0.773082942097027,0.149925037481259,0.684867394695788,0.938744257274119,0.766513056835638,0.134585289514867,0.792421746293245,0.848392036753446,0.186708860759494,0.71451355661882,0.77207062600321,0.871589085072231,0.138582677165354,0.752,0.786173633440514,0.119448698315467,0.866771159874608,0.219903691813804
"15",0.801932367149758,0.101721439749609,0.80448717948718,0.771121351766513,0.946540880503145,0.189230769230769,0.158730158730159,0.254290171606864,0.760629921259843,0.884555382215289,0.765891472868217,0.192546583850932,0.0838709677419355,0.979397781299525,1,0.808411214953271,0.174311926605505,0.785381026438569,0.806201550387597,0.773162939297125,0.788025889967638,0.17357910906298,0.95389507154213,0.9632,0.195007800312012,0.183098591549296,0.169811320754717,0.870550161812298,0.232704402515723,0.105590062111801,0.697063369397218,0.893023255813953,0.21319018404908,0.207547169811321,0.101105845181675,0.0922098569157393,0.681747269890796,0.0748407643312102,0.728706624605678,0.830128205128205,0.990322580645161,0.796557120500782,0.878504672897196,0.198757763975155,0.886115444617785,0.897959183673469,0.184887459807074,0.817757009345794,0.113744075829384,0.78806907378336,0.872611464968153,0.88135593220339,0.79559748427673,0.11969696969697,0.63166144200627,0.95968992248062,0.790880503144654,0.109177215189873,0.822950819672131,0.886645962732919,0.204472843450479,0.685393258426966,0.800955414012739,0.890302066772655,0.107717041800643,0.783653846153846,0.801932367149758,0.0972222222222222,0.89873417721519,0.199362041467305
"16",0.97626582278481,0.0504731861198738,0.998427672955975,0.934150076569678,0.898148148148148,0.00305343511450382,0.0301587301587302,0.0719754977029096,0.542113323124043,0.937694704049844,0.946483180428135,0.00311526479750779,0.0949367088607595,0.782208588957055,0.808411214953271,1,0.00454545454545455,0.978560490045942,0.998442367601246,0.976190476190476,0.977635782747604,0.00152905198776758,0.737833594976452,0.868624420401855,0.00611620795107034,0.0031201248049922,0.262751159196291,0.953775038520801,0.039453717754173,0.0567484662576687,0.50077519379845,0.947286821705426,0.0230414746543779,0.0170278637770898,0.0606531881804044,0.0578125,0.457886676875957,0.0551053484602917,0.681114551083591,0.995260663507109,0.838607594936709,0.998468606431853,0.94954128440367,0.00306748466257669,0.944186046511628,0.668711656441718,0.00623052959501558,0.996923076923077,0.0703125,0.974882260596546,0.956521739130435,0.945273631840796,0.987692307692308,0.0549777117384844,0.429237947122862,0.866766467065868,0.983128834355828,0.0583596214511041,1,0.940909090909091,0.399686520376176,0.460122699386503,0.980952380952381,0.947122861586314,0.061633281972265,0.977952755905512,0.983922829581994,0.0535987748851455,0.942812982998454,0.00783699059561128
"17",0.0172955974842767,0.948091603053435,0.00462962962962963,0.0506706408345753,0.0966257668711656,0.998505231689088,0.9765625,0.943198804185351,0.414781297134238,0.0586466165413534,0.037593984962406,0.996923076923077,0.90795631825273,0.200607902735562,0.174311926605505,0.00454545454545455,1,0.0121028744326778,0.00303951367781155,0.0136363636363636,0.0126582278481013,0.998529411764706,0.23216995447648,0.126911314984709,0.996987951807229,0.998487140695915,0.723664122137405,0.0431432973805855,0.974626865671642,0.947683109118087,0.472727272727273,0.0501519756838906,0.989583333333333,0.989520958083832,0.947049924357035,0.944444444444444,0.529500756429652,0.946624803767661,0.285496183206107,0.00617283950617284,0.151468315301391,0.00458015267175573,0.0488549618320611,0.998496240601504,0.0577507598784195,0.29585798816568,1,0.00455927051671732,0.925076452599388,0.0136570561456753,0.0408472012102874,0.0529695024077047,0.0106060606060606,0.949554896142433,0.565749235474006,0.12743628185907,0.0135746606334842,0.946070878274268,0.00315955766192733,0.0581222056631893,0.596923076923077,0.529500756429652,0.0109546165884194,0.0471841704718417,0.938366718027735,0.015625,0.0110410094637224,0.948224852071006,0.0525502318392581,0.995327102803738
"18",0.996820349761526,0.0745341614906832,0.990654205607477,0.960546282245827,0.870109546165884,0.0212121212121212,0.0513643659711075,0.0414110429447853,0.548136645962733,0.918461538461538,0.974203338391502,0.0094488188976378,0.111459968602826,0.75808936825886,0.785381026438569,0.978560490045942,0.0121028744326778,1,0.982945736434109,0.996889580093313,1,0.0150602409638554,0.707430340557275,0.84037558685446,0.0185471406491499,0.0141287284144427,0.290123456790123,0.927215189873418,0.0213740458015267,0.0811638591117917,0.492236024844721,0.917177914110429,0.00614439324116743,0.00623052959501558,0.0768025078369906,0.0768025078369906,0.41358024691358,0.0709677419354839,0.690513219284603,0.976076555023923,0.807570977917981,0.984350547730829,0.922839506172839,0.018348623853211,0.913446676970634,0.692541856925419,0.0187793427230047,0.977064220183486,0.0956112852664577,0.996904024767802,0.932601880877743,0.92179700499168,0.99375,0.0809595202398801,0.384976525821596,0.841945288753799,0.998459167950693,0.0769230769230769,0.977272727272727,0.918335901386749,0.445669291338583,0.418351477449456,1,0.922239502332815,0.082018927444795,0.996825396825397,1,0.0741301059001513,0.92018779342723,0.0222929936305732
"19",0.981102362204724,0.0605590062111801,1,0.939485627836611,0.891808346213292,0.00149253731343284,0.0316455696202532,0.0499243570347958,0.547581903276131,0.93558282208589,0.95144157814871,0,0.0957613814756672,0.776923076923077,0.806201550387597,0.998442367601246,0.00303951367781155,0.982945736434109,1,0.984326018808777,0.98371335504886,0.0015220700152207,0.727414330218069,0.867601246105919,0.00308641975308642,0,0.273556231003039,0.94912559618442,0.0303490136570561,0.0611620795107034,0.480122324159021,0.93815987933635,0.013677811550152,0.0152439024390244,0.0622083981337481,0.062992125984252,0.433384379785605,0.0642054574638844,0.673343605546995,0.987480438184664,0.832807570977918,1,0.946401225114854,0,0.936236391912908,0.673748103186646,0.0031104199066874,0.992378048780488,0.081377151799687,0.983180428134557,0.951638065522621,0.943986820428336,0.992331288343558,0.0595238095238095,0.401253918495298,0.863705972434916,0.987730061349693,0.0640625,1,0.932126696832579,0.414556962025316,0.428348909657321,0.985804416403785,0.940438871473354,0.0675039246467818,0.982731554160126,0.988817891373802,0.0577507598784195,0.935779816513762,0.00471698113207547
"20",0.998389694041868,0.0825396825396825,0.987261146496815,0.972179289026275,0.859424920127795,0.0234009360374415,0.0522875816993464,0.0417310664605873,0.579277864992151,0.906832298136646,0.9826224328594,0.00950871632329636,0.125796178343949,0.75,0.773162939297125,0.976190476190476,0.0136363636363636,0.996889580093313,0.984326018808777,1,0.998371335504886,0.0186046511627907,0.70364500792393,0.82807570977918,0.0172413793103448,0.0170807453416149,0.318037974683544,0.920840064620355,0.0153846153846154,0.0919003115264797,0.51188589540412,0.908385093167702,0.00310077519379845,0.0061633281972265,0.0877742946708464,0.0886075949367089,0.41692789968652,0.0796747967479675,0.726844583987441,0.970031545741325,0.8,0.984251968503937,0.915756630265211,0.0184615384615385,0.898911353032659,0.685670261941448,0.0224719101123595,0.97444089456869,0.109677419354839,1,0.92822966507177,0.916808149405772,0.990415335463259,0.0903522205206738,0.393700787401575,0.8296875,0.996840442338073,0.0871632329635499,0.975328947368421,0.907692307692308,0.454113924050633,0.419047619047619,0.998384491114701,0.912559618441971,0.0932475884244373,1,0.99670510708402,0.0819165378670788,0.910377358490566,0.0212071778140294
"21",0.998355263157895,0.0764227642276423,0.991762767710049,0.958925750394945,0.87075928917609,0.020440251572327,0.0415282392026578,0.0349761526232114,0.557723577235772,0.92109500805153,0.974025974025974,0.00823723228995058,0.119672131147541,0.754385964912281,0.788025889967638,0.977635782747604,0.0126582278481013,1,0.98371335504886,0.998371335504886,1,0.0159489633173844,0.723747980613893,0.84297520661157,0.0176282051282051,0.0164473684210526,0.295934959349594,0.932006633499171,0.0128,0.0814696485623003,0.497576736672052,0.921725239616613,0.00160513643659711,0.00480769230769231,0.0760330578512397,0.0800653594771242,0.418006430868167,0.0696517412935323,0.696223316912972,0.975247524752475,0.820388349514563,0.983579638752053,0.926282051282051,0.0176848874598071,0.912685337726524,0.693290734824281,0.0195758564437194,0.975845410628019,0.0943708609271523,0.998394863563403,0.9376026272578,0.927335640138408,0.993506493506494,0.078003120124805,0.390082644628099,0.838915470494418,0.998387096774194,0.0774299835255354,0.976027397260274,0.919743178170145,0.438333333333333,0.419249592169657,1,0.925864909390445,0.0849673202614379,0.998336106489185,1,0.0747217806041336,0.919672131147541,0.0199667221297837
"22",0.0192,0.94478527607362,0.00307692307692308,0.0495495495495495,0.107033639143731,1,0.978159126365055,0.943768996960486,0.415384615384615,0.0624048706240487,0.0349013657056146,0.998449612403101,0.909233176838811,0.199386503067485,0.17357910906298,0.00152905198776758,0.998529411764706,0.0150602409638554,0.0015220700152207,0.0186046511627907,0.0159489633173844,1,0.24,0.130232558139535,0.995481927710843,1,0.725880551301684,0.05,0.966309341500766,0.941353383458647,0.4779299847793,0.0561456752655539,0.983206106870229,0.987841945288754,0.941628264208909,0.941628264208909,0.539634146341463,0.940345368916798,0.275650842266462,0.00762195121951219,0.151840490797546,0.00304878048780488,0.0519877675840979,1,0.0640625,0.288753799392097,0.998435054773083,0.00609756097560976,0.92,0.0199081163859112,0.0450310559006211,0.060655737704918,0.00927357032457496,0.943536404160475,0.561430793157076,0.126888217522659,0.0152905198776758,0.939814814814815,0.00320512820512821,0.0636363636363636,0.592248062015504,0.536098310291859,0.0141509433962264,0.0600924499229584,0.936434108527132,0.0168453292496172,0.0128617363344051,0.944193061840121,0.0627871362940276,0.992076069730586
"23",0.733441033925687,0.169572107765452,0.724842767295597,0.697852760736196,0.873239436619718,0.269645608628659,0.225961538461538,0.321483771251932,0.794992175273865,0.807153965785381,0.690625,0.265700483091787,0.158653846153846,0.956386292834891,0.95389507154213,0.737833594976452,0.23216995447648,0.707430340557275,0.727414330218069,0.70364500792393,0.723747980613893,0.24,1,0.895569620253165,0.253086419753086,0.25314465408805,0.21283255086072,0.790143084260731,0.301412872841444,0.171339563862928,0.749206349206349,0.811437403400309,0.288372093023256,0.292913385826772,0.1568,0.151368760064412,0.737007874015748,0.149593495934959,0.756671899529042,0.746006389776358,0.933333333333333,0.72386895475819,0.801901743264659,0.258859784283513,0.815457413249211,0.917701863354037,0.261829652996845,0.7357910906298,0.188589540412044,0.723101265822785,0.799050632911392,0.804347826086957,0.724683544303797,0.193302891933029,0.711356466876972,0.889057750759878,0.729938271604938,0.178170144462279,0.747967479674797,0.802773497688752,0.168,0.747648902821317,0.721864951768489,0.81974921630094,0.178125,0.715189873417722,0.733224222585925,0.16820987654321,0.820472440944882,0.2784
"24",0.8448,0.0598425196850394,0.862068965517241,0.797507788161994,0.990536277602524,0.131297709923664,0.0964630225080386,0.195046439628483,0.682316118935837,0.933333333333333,0.804953560371517,0.135433070866142,0.0428571428571429,0.93730407523511,0.9632,0.868624420401855,0.126911314984709,0.84037558685446,0.867601246105919,0.82807570977918,0.84297520661157,0.130232558139535,0.895569620253165,1,0.137984496124031,0.124409448818898,0.133956386292835,0.921474358974359,0.178403755868545,0.0602782071097372,0.622083981337481,0.938271604938272,0.162204724409449,0.151799687010955,0.059748427672956,0.0555555555555556,0.619122257053291,0.0347682119205298,0.651828298887122,0.882165605095541,0.987220447284345,0.854632587859425,0.930232558139535,0.134259259259259,0.940345368916798,0.817764165390505,0.128367670364501,0.88390092879257,0.0653907496012759,0.836734693877551,0.931888544891641,0.939799331103679,0.843894899536321,0.0715372907153729,0.583596214511041,0.998447204968944,0.842433697347894,0.0689102564102564,0.869281045751634,0.932824427480916,0.240126382306477,0.619273301737757,0.839869281045752,0.936406995230525,0.0659163987138264,0.839171974522293,0.857374392220421,0.0459418070444104,0.937597503900156,0.135922330097087
"25",0.0205047318611987,0.939157566302652,0.0046801872074883,0.0618401206636501,0.105590062111801,0.997001499250375,0.97007874015748,0.949618320610687,0.452453987730061,0.0691729323308271,0.0473282442748092,1,0.901098901098901,0.220338983050847,0.195007800312012,0.00611620795107034,0.996987951807229,0.0185471406491499,0.00308641975308642,0.0172413793103448,0.0176282051282051,0.995481927710843,0.253086419753086,0.137984496124031,1,0.996908809891808,0.722222222222222,0.0545171339563863,0.975535168195719,0.933846153846154,0.521538461538462,0.06,0.987823439878234,0.989312977099237,0.933229813664596,0.933846153846154,0.568111455108359,0.935691318327974,0.322530864197531,0.0110062893081761,0.159055118110236,0.00459418070444104,0.060882800608828,0.998489425981873,0.0690184049079755,0.324159021406728,0.995334370139969,0.00927357032457496,0.91937984496124,0.0182926829268293,0.0496894409937888,0.0590219224283305,0.0141287284144427,0.940652818991098,0.58179012345679,0.134128166915052,0.018348623853211,0.932601880877743,0.00643086816720257,0.0721966205837174,0.585516178736518,0.560747663551402,0.018957345971564,0.0633693972179289,0.930555555555556,0.019047619047619,0.0174880763116057,0.938345864661654,0.0635658914728682,1
"26",0.0176282051282051,0.95141065830721,0.00157728706624606,0.053680981595092,0.100787401574803,1,0.976303317535545,0.950693374422188,0.414219474497682,0.0630769230769231,0.0367534456355283,1,0.905362776025237,0.206201550387597,0.183098591549296,0.0031201248049922,0.998487140695915,0.0141287284144427,0,0.0170807453416149,0.0164473684210526,1,0.25314465408805,0.124409448818898,0.996908809891808,1,0.713841368584759,0.0445151033386327,0.969088098918083,0.948328267477204,0.480739599383667,0.0558069381598793,0.9859375,0.986175115207373,0.946957878315133,0.940625,0.544881889763779,0.94524959742351,0.302469135802469,0.00946372239747634,0.15748031496063,0.00154559505409583,0.0499219968798752,1,0.0581761006289308,0.29320987654321,0.9984375,0.00461538461538462,0.92259083728278,0.0171339563862928,0.0396825396825397,0.0552763819095477,0.00792393026941363,0.945864661654135,0.566929133858268,0.128048780487805,0.0124031007751938,0.941640378548896,0.0016366612111293,0.0593607305936073,0.589540412044374,0.540284360189573,0.0127186009538951,0.0524642289348172,0.9421875,0.0157728706624606,0.0112,0.948091603053435,0.0533751962323391,0.993670886075949
"27",0.276729559748428,0.804381846635368,0.264385692068429,0.33843797856049,0.144409937888199,0.729041916167665,0.775477707006369,0.671779141104294,0.435384615384615,0.196946564885496,0.343653250773994,0.706896551724138,0.884493670886076,0.169278996865204,0.169811320754717,0.262751159196291,0.723664122137405,0.290123456790123,0.273556231003039,0.318037974683544,0.295934959349594,0.725880551301684,0.21283255086072,0.133956386292835,0.722222222222222,0.713841368584759,1,0.189873417721519,0.679506933744222,0.808641975308642,0.443410852713178,0.200607902735562,0.698608964451314,0.698757763975155,0.819182389937107,0.821484992101106,0.3203125,0.828200972447326,0.476993865030675,0.25,0.137161084529506,0.273846153846154,0.206521739130435,0.723926380368098,0.176656151419558,0.307458143074581,0.744945567651633,0.24079754601227,0.8265625,0.302180685358255,0.187898089171975,0.180781758957655,0.274961597542243,0.801204819277108,0.335384615384615,0.13302752293578,0.285496183206107,0.823899371069182,0.266881028938907,0.181126331811263,0.886792452830189,0.319620253164557,0.303937007874016,0.179407176287051,0.8296875,0.309033280507132,0.278135048231511,0.836826347305389,0.192604006163328,0.728
"28",0.934210526315789,0.00642054574638844,0.947284345047923,0.874039938556068,0.941455696202532,0.0555555555555556,0.0194805194805195,0.0952380952380952,0.595348837209302,0.993690851735016,0.892575039494471,0.0604133545310016,0.0381558028616852,0.838557993730408,0.870550161812298,0.953775038520801,0.0431432973805855,0.927215189873418,0.94912559618442,0.920840064620355,0.932006633499171,0.05,0.790143084260731,0.921474358974359,0.0545171339563863,0.0445151033386327,0.189873417721519,1,0.082018927444795,0.00473186119873817,0.538461538461538,0.993700787401575,0.0748829953198128,0.0715396578538103,0.00477707006369427,0.00647249190938511,0.522012578616352,0.00489396411092985,0.620634920634921,0.958064516129032,0.894480519480519,0.941176470588235,1,0.0544323483670296,0.991922455573506,0.72107765451664,0.0512,0.95583596214511,0.0208333333333333,0.93015873015873,0.996820349761526,0.996592844974446,0.9408,0.00768049155145929,0.487220447284345,0.919753086419753,0.935023771790808,0.00806451612903226,0.949346405228758,0.993740219092332,0.338187702265372,0.51373182552504,0.930578512396694,0.995161290322581,0.00961538461538462,0.92671009771987,0.939144736842105,0.00627943485086342,0.995192307692308,0.0570032573289902
"29",0.0157977883096366,0.908668730650155,0.0234009360374415,0.053680981595092,0.145061728395062,0.966616084977238,0.93730407523511,0.986425339366516,0.465331278890601,0.100456621004566,0.035548686244204,0.983050847457627,0.861370716510903,0.268253968253968,0.232704402515723,0.039453717754173,0.974626865671642,0.0213740458015267,0.0303490136570561,0.0153846153846154,0.0128,0.966309341500766,0.301412872841444,0.178403755868545,0.975535168195719,0.969088098918083,0.679506933744222,0.082018927444795,1,0.897280966767372,0.532307692307692,0.102446483180428,0.993874425727412,0.992331288343558,0.903426791277259,0.897959183673469,0.616793893129771,0.911433172302738,0.3203125,0.0435458786936236,0.208530805687204,0.0340557275541796,0.0948012232415902,0.97112462006079,0.109062980030722,0.329268292682927,0.963893249607535,0.0395738203957382,0.888540031397174,0.0123456790123457,0.0774091627172196,0.0898305084745763,0.025,0.906906906906907,0.646781789638933,0.176737160120846,0.0199081163859112,0.904320987654321,0.0434083601286174,0.101978691019787,0.529225908372828,0.621495327102804,0.0173775671406003,0.0954616588419405,0.894736842105263,0.0157728706624606,0.0192616372391653,0.905918057663126,0.0987654320987654,0.97752808988764
"30",0.081377151799687,1,0.0642633228840125,0.123493975903614,0.0481366459627329,0.937313432835821,0.971608832807571,0.877458396369138,0.372488408037094,0.00153139356814701,0.110271903323263,0.932707355242567,0.970542635658915,0.131498470948012,0.105590062111801,0.0567484662576687,0.947683109118087,0.0811638591117917,0.0611620795107034,0.0919003115264797,0.0814696485623003,0.941353383458647,0.171339563862928,0.0602782071097372,0.933846153846154,0.948328267477204,0.808641975308642,0.00473186119873817,0.897280966767372,1,0.430981595092025,0.00150829562594268,0.912977099236641,0.917557251908397,0.998456790123457,1,0.465437788018433,1,0.357585139318885,0.049079754601227,0.0808709175738725,0.065015479876161,0.00457317073170732,0.937689969604863,0.00152905198776758,0.234303215926493,0.939346811819596,0.047112462006079,0.984375,0.0861538461538462,0.00460829493087558,0.00325732899022801,0.0718654434250764,0.998525073746313,0.483670295489891,0.0647590361445783,0.0768049155145929,0.9984375,0.0503246753246753,0,0.680817610062893,0.466353677621283,0.0788643533123028,0.00153846153846154,0.996927803379416,0.0793157076205288,0.0724409448818898,0.998489425981873,0.00152439024390244,0.93217665615142
"31",0.535657686212361,0.423380726698262,0.464678178963893,0.581679389312977,0.605633802816901,0.510703363914373,0.505546751188589,0.563271604938272,0.974960876369327,0.526234567901235,0.541411042944785,0.507042253521127,0.412772585669782,0.708978328173375,0.697063369397218,0.50077519379845,0.472727272727273,0.492236024844721,0.480122324159021,0.51188589540412,0.497576736672052,0.4779299847793,0.749206349206349,0.622083981337481,0.521538461538462,0.480739599383667,0.443410852713178,0.538461538461538,0.532307692307692,0.430981595092025,1,0.553680981595092,0.51063829787234,0.496951219512195,0.397496087636933,0.395638629283489,0.906976744186046,0.383252818035427,0.839258114374034,0.470866141732283,0.681020733652313,0.475968992248062,0.55640243902439,0.50229709035222,0.545736434108527,0.830534351145038,0.5203125,0.486862442040185,0.45583596214511,0.501547987616099,0.52639751552795,0.540765391014975,0.515290519877676,0.460960960960961,0.881329113924051,0.624036979969183,0.50920245398773,0.426307448494453,0.499197431781701,0.540909090909091,0.27244094488189,0.899686520376176,0.522435897435897,0.563664596273292,0.434312210200927,0.506349206349206,0.488782051282051,0.424242424242424,0.557632398753894,0.525641025641026
"32",0.917329093799682,0.00154083204930663,0.940532081377152,0.870676691729323,0.955589586523737,0.0647590361445783,0.0268987341772152,0.118279569892473,0.621951219512195,1,0.883540372670807,0.0684292379471229,0.0253968253968254,0.855161787365177,0.893023255813953,0.947286821705426,0.0501519756838906,0.917177914110429,0.93815987933635,0.908385093167702,0.921725239616613,0.0561456752655539,0.811437403400309,0.938271604938272,0.06,0.0558069381598793,0.200607902735562,0.993700787401575,0.102446483180428,0.00150829562594268,0.553680981595092,1,0.0812883435582822,0.081039755351682,0,0,0.52093023255814,0,0.619565217391304,0.951638065522621,0.91692789968652,0.938461538461538,0.995363214837713,0.0639269406392694,1,0.748872180451128,0.0618238021638331,0.954337899543379,0.010989010989011,0.919504643962848,0.987381703470032,0.99837925445705,0.933229813664596,0.00302571860816944,0.492957746478873,0.931192660550459,0.926380368098159,0,0.949756888168558,1,0.317460317460317,0.5203125,0.921383647798742,1,0,0.91601866251944,0.9296,0,1,0.0598425196850394
"33",0.00784929356357928,0.922834645669291,0.0123647604327666,0.0439393939393939,0.128526645768025,0.980273141122914,0.952456418383518,0.968181818181818,0.449165402124431,0.0852359208523592,0.0336391437308868,0.992307692307692,0.875590551181102,0.244648318042813,0.21319018404908,0.0230414746543779,0.989583333333333,0.00614439324116743,0.013677811550152,0.00310077519379845,0.00160513643659711,0.983206106870229,0.288372093023256,0.162204724409449,0.987823439878234,0.9859375,0.698608964451314,0.0748829953198128,0.993874425727412,0.912977099236641,0.51063829787234,0.0812883435582822,1,1,0.916540212443096,0.915492957746479,0.59304084720121,0.919175911251981,0.309341500765697,0.0265210608424337,0.186708860759494,0.0186625194401244,0.0795107033639144,0.983508245877061,0.0930232558139535,0.319083969465649,0.981424148606811,0.0213414634146341,0.905572755417957,0.00465116279069767,0.0705329153605016,0.0775577557755776,0.0123076923076923,0.916790490341753,0.627118644067797,0.163636363636364,0.00771604938271605,0.917445482866044,0.0241157556270096,0.088145896656535,0.553990610328638,0.596875,0.00635930047694754,0.0834621329211747,0.912307692307692,0.00635930047694754,0.00615384615384615,0.918181818181818,0.0878274268104777,0.988924050632911
