"","V1","V2","V3","V4","V5","V6","V7","V8","V9","V10","V11","V12","V13","V14","V15","V16","V17","V18","V19","V20","V21","V22","V23","V24","V25","V26","V27","V28","V29","V30","V31","V32","V33","V34","V35","V36","V37","V38","V39","V40","V41","V42","V43","V44","V45","V46","V47","V48","V49","V50","V51","V52","V53","V54","V55","V56","V57","V58","V59","V60","V61","V62","V63","V64","V65","V66","V67","V68","V69","V70"
"1",1,0,0.157051282051282,0.747663551401869,0.00160513643659711,0.0203125,0.0816993464052288,0.0031496062992126,0.511075949367089,0,0.792,0,0.0161550888529887,0,0.0128824476650564,0.0158227848101266,0,0.572337042925278,0.499212598425197,0.7085346215781,0.575657894736842,0,0.00807754442649435,0.0032,0.00473186119873817,0,0.547169811320755,0.00328947368421053,0,0,0.434231378763867,0.00476947535771065,0,0,0,0,0.00631911532385466,0,0.8192,0.00483091787439614,0.00657894736842105,0.131832797427653,0.341384863123994,0.00927357032457496,0,0.4576,0.207119741100324,0.00952380952380952,0.756493506493506,0.697933227344992,0,0,0.518987341772152,0.0323574730354391,0,0,0.882075471698113,0.00159744408945687,0.299668874172185,0,0.0735294117647059,0.00161812297734628,0.782467532467532,0,0.00481540930979133,0.709624796084829,0.48111658456486,0,0,0.0263591433278418
"2",0,1,0,0.00455927051671732,0,0.0492307692307692,0.306946688206785,0.0170278637770898,0.0123839009287926,0,0,0.0554675118858954,0.704581358609795,0,0,0,0.291603053435115,0,0,0,0,0.285276073619632,0,0,0.062402496099844,0.286833855799373,0.17527386541471,0,0.00309597523219814,0.71889400921659,0.0157977883096366,0,0.0125984251968504,0.0108864696734059,0.968454258675079,0.96984126984127,0,0.695081967213115,0.0015552099533437,0,0,0,0,0.0790697674418605,0,0.0123456790123457,0.064873417721519,0,0.0142630744849445,0,0,0,0,0.793626707132018,0,0,0,0.888529886914378,0,0,0.660855784469097,0,0,0,0.682464454976303,0,0,0.673282442748092,0,0.0470016207455429
"3",0.157051282051282,0,1,0.0712074303405573,0.00638977635782748,0,0,0,0.00473186119873817,0.244961240310078,0.152410575427683,0,0,0.00159744408945687,0,0.772012578616352,0,0.263239875389408,0.553125,0.25796178343949,0.28665568369028,0,0,0,0,0,0.00777604976671851,0.333865814696486,0,0,0.00784929356357928,0.0579029733959311,0,0,0,0,0,0,0.0944,0.694835680751174,0.00161030595813205,0.995268138801262,0.165341812400636,0,0.317965023847377,0.00927357032457496,0,0.6765625,0.0223642172523962,0.287051482059282,0.310789049919485,0.298126064735945,0.291993720565149,0,0,0.00155038759689922,0.225155279503106,0,0.963149078726968,0.242331288343558,0.00643086816720257,0,0.28500823723229,0.197767145135566,0,0.245585874799358,0.316558441558442,0,0.262166405023548,0
"4",0.747663551401869,0.00455927051671732,0.0712074303405573,1,0,0.00898203592814371,0.218125960061444,0.0346385542168675,0.496951219512195,0,0.692653673163418,0,0.0477657935285054,0.0121396054628225,0.00921658986175115,0.00765696784073507,0,0.576631259484067,0.329803328290469,0.618238021638331,0.568720379146919,0,0.00460122699386503,0,0.0346907993966818,0,0.686064318529862,0,0,0.00150602409638554,0.488549618320611,0,0,0,0.0106221547799697,0.00153609831029186,0.00152671755725191,0,0.69558599695586,0.0108359133126935,0.009375,0.0626911314984709,0.25948406676783,0.00755287009063444,0,0.490225563909774,0.268072289156627,0.0242424242424242,0.694099378881988,0.575301204819277,0,0,0.605222734254992,0.140740740740741,0.0138888888888889,0,0.736923076923077,0.0153846153846154,0.179611650485437,0,0.117370892018779,0.00155038759689922,0.573926868044515,0,0.0227617602427921,0.6109375,0.563579277864992,0.00149700598802395,0,0.109697933227345
"5",0.00160513643659711,0,0.00638977635782748,0,1,0.0228658536585366,0.0128,0.709230769230769,0.116903633491311,0.241112828438949,0,0.0377358490566038,0,0.899536321483771,0.783018867924528,0.0910493827160494,0,0,0,0,0,0,0.765258215962441,0.889589905362776,0.0900621118012422,0,0,0.191455696202532,0.279320987654321,0,0.172143974960876,0.496171516079632,0.178683385579937,0.203732503888025,0,0,0.662037037037037,0,0.0577223088923557,0.0965732087227414,0.817014446227929,0.0110236220472441,0.236306729264476,0.0230769230769231,0.256651017214397,0.121538461538462,0.0301587301587302,0.0295489891135303,0,0,0.17007874015748,0.21,0,0.00302571860816944,0.771790808240888,0.881435257410296,0.00153609831029186,0,0.00974025974025974,0.238759689922481,0,0.683544303797468,0,0.471518987341772,0,0,0,0,0.273584905660377,0.315112540192926
"6",0.0203125,0.0492307692307692,0,0.00898203592814371,0.0228658536585366,1,0.551401869158878,0.219730941704036,0.279878971255673,0,0,0.925190839694657,0,0.0870229007633588,0.146153846153846,0,0.696562032884903,0,0,0,0,0.713636363636364,0.164869029275809,0.0305343511450382,0.824587706146927,0.712538226299694,0,0,0.626707132018209,0.0447761194029851,0.290519877675841,0.00150602409638554,0.742033383915023,0.708206686930091,0.0122699386503067,0.0168195718654434,0.266975308641975,0.0600315955766193,0.12937595129376,0,0.0820433436532508,0,0.00149925037481259,0.948872180451128,0,0.293591654247392,0.688854489164087,0,0.109034267912773,0,0,0,0,0.13075780089153,0.204968944099379,0.025297619047619,0.0060882800608828,0.00619195046439629,0.00318471337579618,0,0,0.2578125,0,0,0.00307219662058372,0,0,0.0194610778443114,0,0.409375
"7",0.0816993464052288,0.306946688206785,0,0.218125960061444,0.0128,0.551401869158878,1,0.159375,0.4176,0,0.0188087774294671,0.448553054662379,0.098546042003231,0.0514469453376206,0.122222222222222,0,0.459375,0.0160513643659711,0,0.00490196078431373,0.00996677740863787,0.407176287051482,0.104166666666667,0.0209003215434084,0.68503937007874,0.406003159557662,0.178343949044586,0,0.238244514106583,0.1198738170347,0.462757527733756,0.00158227848101266,0.358161648177496,0.333865814696486,0.22741935483871,0.207119741100324,0.154589371980676,0.0752508361204013,0.215530903328051,0,0.0959349593495935,0,0.00958466453674121,0.618153364632238,0,0.452418096723869,0.72859450726979,0,0.233278955954323,0.00159744408945687,0,0,0.0258899676375405,0.54,0.0896,0.0172684458398744,0.0700636942675159,0.194174757281553,0.00166112956810631,0,0.0965630114566285,0.143548387096774,0.00328407224958949,0,0.0819935691318328,0.00815660685154975,0.0301507537688442,0.0595611285266458,0,0.513201320132013
"8",0.0031496062992126,0.0170278637770898,0,0.0346385542168675,0.709230769230769,0.219730941704036,0.159375,1,0.222560975609756,0.00153139356814701,0,0.293563579277865,0,0.854489164086687,0.68798751950078,0.0428790199081164,0.167414050822123,0,0,0,0,0.173252279635258,0.709428129829985,0.575851393188854,0.306870229007634,0.200308166409861,0.00613496932515337,0.00158730158730159,0.505279034690799,0,0.311728395061728,0.158218125960061,0.434848484848485,0.437216338880484,0.00306278713629403,0.00154083204930663,0.694656488549618,0,0.0970724191063174,0.0446153846153846,0.609642301710731,0,0.0212765957446809,0.216463414634146,0.0246153846153846,0.226993865030675,0.213846153846154,0,0.00464396284829721,0,0.0015527950310559,0.00164473684210526,0,0.145616641901932,0.958074534161491,0.574626865671642,0.00305810397553517,0.00313479623824451,0.00158227848101266,0.0121028744326778,0,0.724349157733537,0,0.2398753894081,0,0,0,0,0.0350609756097561,0.616113744075829
"9",0.511075949367089,0.0123839009287926,0.00473186119873817,0.496951219512195,0.116903633491311,0.279878971255673,0.4176,0.222560975609756,1,0.0015220700152207,0.302147239263804,0.179968701095462,0.0031496062992126,0.135433070866142,0.27244094488189,0,0.057315233785822,0.131987577639752,0.0904836193447738,0.191522762951334,0.126829268292683,0.04,0.261345852895149,0.161189358372457,0.340490797546012,0.0494590417310665,0.353846153846154,0,0.161787365177196,0,0.964006259780908,0.0777439024390244,0.159332321699545,0.159509202453988,0.0015552099533437,0,0.298921417565485,0,0.678843226788432,0,0.2421875,0.0015625,0.252713178294574,0.301857585139319,0,0.989263803680982,0.64576802507837,0.00153139356814701,0.6171875,0.165366614664587,0,0,0.155038759689922,0.150684931506849,0.168224299065421,0.1321044546851,0.417818740399386,0.00158982511923688,0.0845528455284553,0,0,0.278301886792453,0.215434083601286,0.00630914826498423,0.00153846153846154,0.178060413354531,0.113057324840764,0,0.0015527950310559,0.407348242811502
"10",0,0,0.244961240310078,0,0.241112828438949,0,0,0.00153139356814701,0.0015220700152207,1,0,0,0,0.126543209876543,0.112324492979719,0.453271028037383,0,0.0184615384615385,0.113496932515337,0,0.0161030595813204,0,0.0839813374805599,0.263565891472868,0,0,0,0.958990536277603,0,0,0,0.73353751914242,0,0,0,0,0.0494590417310665,0,0,0.50855365474339,0.194401244167963,0.274658573596358,0.598461538461538,0,0.920062695924765,0.00303490136570561,0,0.567026194144838,0,0,0.969278033794163,0.98671096345515,0.0230414746543779,0,0.021671826625387,0.297546012269939,0,0,0.1712,0.998487140695915,0,0.0495356037151703,0,0.729984301412873,0,0,0.0223285486443381,0,0.932496075353218,0
"11",0.792,0,0.152410575427683,0.692653673163418,0,0,0.0188087774294671,0,0.302147239263804,0,1,0,0.0639625585023401,0,0,0.0137614678899083,0,0.752655538694992,0.549317147192716,0.924170616113744,0.753246753246753,0,0,0,0,0,0.664086687306502,0.00315955766192733,0,0,0.237730061349693,0,0,0,0,0,0,0,0.575384615384615,0.0062111801242236,0,0.1201248049922,0.187214611872146,0,0,0.260606060606061,0.0555555555555556,0.00916030534351145,0.680124223602484,0.850769230769231,0.00155038759689922,0,0.686520376175549,0.0103550295857988,0,0,0.751543209876543,0.00158227848101266,0.226016260162602,0,0.17527386541471,0,0.871019108280255,0,0.0290964777947933,0.903174603174603,0.680064308681672,0.00916030534351145,0,0.0031496062992126
"12",0,0.0554675118858954,0,0,0.0377358490566038,0.925190839694657,0.448553054662379,0.293563579277865,0.179968701095462,0,0,1,0,0.121875,0.133540372670807,0,0.795384615384615,0,0,0,0,0.809302325581395,0.172302737520129,0.0393700787401575,0.773846153846154,0.819334389857369,0,0,0.719568567026194,0.0485133020344288,0.192488262910798,0.0015552099533437,0.835384615384615,0.806853582554517,0.0140625,0.0221518987341772,0.274691358024691,0.0657051282051282,0.0506329113924051,0,0.0848,0,0,0.90894819466248,0,0.179407176287051,0.580542264752791,0,0.0251177394034537,0,0,0,0,0.140909090909091,0.268987341772152,0.0373831775700935,0,0.00636942675159236,0,0,0,0.274881516587678,0,0,0.00314465408805031,0,0,0.0170807453416149,0,0.466129032258065
"13",0.0161550888529887,0.704581358609795,0,0.0477657935285054,0,0,0.098546042003231,0,0.0031496062992126,0,0.0639625585023401,0,1,0,0,0,0.0592823712948518,0.0125588697017268,0.00313971742543171,0.036624203821656,0.0229508196721311,0.0610328638497653,0,0,0,0.0599369085173502,0.322784810126582,0,0,0.767441860465116,0.00467289719626168,0,0,0,0.777424483306836,0.759615384615385,0,0.740322580645161,0.0202492211838006,0,0,0.00157977883096367,0,0,0,0.00471698113207547,0.00476190476190476,0,0.113237639553429,0.0288461538461538,0,0,0.00949367088607595,0.47926267281106,0,0,0.00952380952380952,0.840322580645161,0.00327868852459016,0,0.912903225806452,0,0.0226904376012966,0,0.9,0.0450885668276973,0.0216666666666667,0.835130970724191,0,0
"14",0,0,0.00159744408945687,0.0121396054628225,0.899536321483771,0.0870229007633588,0.0514469453376206,0.854489164086687,0.135433070866142,0.126543209876543,0,0.121875,0,1,0.814580031695721,0.0736196319018405,0.027355623100304,0,0,0,0,0.0368098159509202,0.791277258566978,0.768025078369906,0.172573189522342,0.0511627906976744,0,0.0862068965517241,0.365079365079365,0,0.204334365325077,0.36055469953775,0.264525993883792,0.273570324574961,0,0,0.701238390092879,0,0.0704225352112676,0.0922098569157393,0.769352290679305,0.00467289719626168,0.115264797507788,0.0860215053763441,0.17219589257504,0.142419601837672,0.0822784810126582,0.00921658986175115,0,0,0.0741324921135647,0.0976430976430976,0,0.047976011994003,0.912636505460218,0.773353751914242,0.00307219662058372,0,0.00329489291598023,0.125574272588055,0,0.733652312599681,0,0.415730337078652,0,0,0,0,0.188087774294671,0.393258426966292
"15",0.0128824476650564,0,0,0.00921658986175115,0.783018867924528,0.146153846153846,0.122222222222222,0.68798751950078,0.27244094488189,0.112324492979719,0,0.133540372670807,0,0.814580031695721,1,0.00467289719626168,0.0168195718654434,0,0,0,0,0.0153609831029186,0.955484896661367,0.8688,0.277691107644306,0.0187793427230047,0.00314465408805031,0.0760517799352751,0.44496855345912,0,0.306027820710974,0.406201550387597,0.309815950920245,0.336477987421384,0,0,0.85179407176287,0,0.0788643533123028,0.00801282051282051,0.92741935483871,0,0.152647975077882,0.145962732919255,0.106084243369735,0.28414442700157,0.165594855305466,0.00155763239875389,0.028436018957346,0,0.0509554140127389,0.0813559322033898,0,0.0136363636363636,0.744514106583072,0.835658914728682,0.0110062893081761,0,0.00327868852459016,0.113354037267081,0,0.87800963081862,0,0.249602543720191,0,0,0,0,0.125,0.502392344497608
"16",0.0158227848101266,0,0.772012578616352,0.00765696784073507,0.0910493827160494,0,0,0.0428790199081164,0,0.453271028037383,0.0137614678899083,0,0,0.0736196319018405,0.00467289719626168,1,0,0.0658499234303216,0.26791277258567,0.0349206349206349,0.0702875399361022,0,0.00156985871271586,0.0185471406491499,0,0,0.00154559505409583,0.496147919876733,0,0,0.00310077519379845,0.15968992248062,0,0,0,0,0.00153139356814701,0,0.0154798761609907,0.9826224328594,0.0110759493670886,0.839203675344564,0.165137614678899,0,0.53953488372093,0,0,0.76,0,0.0423861852433281,0.529503105590062,0.492537313432836,0.104615384615385,0,0.0497667185069984,0.031437125748503,0.0230061349693252,0,0.642512077294686,0.443939393939394,0,0.00153374233128834,0.046031746031746,0.46656298600311,0,0.0503937007874016,0.104501607717042,0,0.520865533230294,0
"17",0,0.291603053435115,0,0,0,0.696562032884903,0.459375,0.167414050822123,0.057315233785822,0,0,0.795384615384615,0.0592823712948518,0.027355623100304,0.0168195718654434,0,1,0,0,0,0,0.972058823529412,0.0424886191198786,0.00152905198776758,0.621987951807229,0.966717095310136,0,0,0.549253731343284,0.198804185351271,0.0772727272727273,0,0.65625,0.625748502994012,0.223903177004539,0.256172839506173,0.10590015128593,0.221350078492936,0.00916030534351145,0,0.00927357032457496,0,0,0.736842105263158,0,0.0680473372781065,0.446319018404908,0,0.00917431192660551,0,0,0,0,0.375370919881306,0.108562691131498,0.00449775112443778,0,0.164869029275809,0,0,0.00769230769230769,0.102874432677761,0,0,0.0693374422187981,0,0,0.142011834319527,0,0.412772585669782
"18",0.572337042925278,0,0.263239875389408,0.576631259484067,0,0,0.0160513643659711,0,0.131987577639752,0.0184615384615385,0.752655538694992,0,0.0125588697017268,0,0,0.0658499234303216,0,1,0.733333333333333,0.83203732503888,1,0,0,0,0,0,0.404320987654321,0.0253164556962025,0,0,0.0791925465838509,0.00306748466257669,0,0,0,0,0,0,0.317262830482115,0.05103668261563,0,0.211267605633803,0.217592592592593,0,0.00618238021638331,0.143074581430746,0,0.140672782874618,0.371473354231975,0.88390092879257,0.0125391849529781,0.00499168053244592,0.9359375,0,0,0,0.642526964560863,0.00156985871271586,0.319805194805195,0.0154083204930663,0.111811023622047,0,0.817170111287758,0.0015552099533437,0.00788643533123028,0.852380952380952,0.949044585987261,0,0.00782472613458529,0
"19",0.499212598425197,0,0.553125,0.329803328290469,0,0,0,0,0.0904836193447738,0.113496932515337,0.549317147192716,0,0.00313971742543171,0,0,0.26791277258567,0,0.733333333333333,1,0.688087774294671,0.744299674267101,0,0,0,0,0,0.179331306990881,0.19872813990461,0,0,0.0657492354740061,0.0512820512820513,0,0,0,0,0,0,0.278890600924499,0.173708920187793,0,0.47926267281106,0.315467075038285,0,0.0979782270606532,0.101669195751138,0,0.32469512195122,0.214397496087637,0.73394495412844,0.124804992199688,0.13673805601318,0.699386503067485,0,0,0.00153139356814701,0.558282208588957,0,0.645367412140575,0.0965309200603318,0.0411392405063291,0,0.736593059936908,0.0250783699059561,0,0.681318681318681,0.696485623003195,0,0.0657492354740061,0
"20",0.7085346215781,0,0.25796178343949,0.618238021638331,0,0,0.00490196078431373,0,0.191522762951334,0,0.924170616113744,0,0.036624203821656,0,0,0.0349206349206349,0,0.83203732503888,0.688087774294671,1,0.843648208469055,0,0,0,0,0,0.542721518987342,0.00323101777059774,0,0,0.152139461172742,0,0,0,0,0,0,0,0.478806907378336,0.0189274447949527,0,0.211023622047244,0.185647425897036,0,0,0.181818181818182,0.00802568218298555,0.0463258785942492,0.541935483870968,0.960691823899371,0,0,0.797124600638978,0,0,0,0.783570300157978,0,0.338815789473684,0,0.147151898734177,0,0.953150242326333,0,0.00643086816720257,0.9856,0.794069192751236,0,0,0
"21",0.575657894736842,0,0.28665568369028,0.568720379146919,0,0,0.00996677740863787,0,0.126829268292683,0.0161030595813204,0.753246753246753,0,0.0229508196721311,0,0,0.0702875399361022,0,1,0.744299674267101,0.843648208469055,1,0,0,0,0,0,0.40650406504065,0.0265339966832504,0,0,0.074313408723748,0.00159744408945687,0,0,0,0,0,0,0.320197044334975,0.0511551155115512,0,0.218390804597701,0.195512820512821,0,0.00494233937397035,0.12779552715655,0,0.14975845410628,0.385761589403974,0.895666131621188,0.0114942528735632,0.00519031141868512,0.930194805194805,0,0,0,0.643548387096774,0.00164744645799012,0.335616438356164,0.014446227929374,0.131666666666667,0,0.822635135135135,0,0.00980392156862745,0.866888519134775,0.936026936026936,0,0.00491803278688525,0
"22",0,0.285276073619632,0,0,0,0.713636363636364,0.407176287051482,0.173252279635258,0.04,0,0,0.809302325581395,0.0610328638497653,0.0368098159509202,0.0153609831029186,0,0.972058823529412,0,0,0,0,1,0.0384615384615385,0.00155038759689922,0.575301204819277,0.998477929984779,0,0,0.54364471669219,0.207518796992481,0.0547945205479452,0,0.658015267175573,0.620060790273556,0.221198156682028,0.258064516129032,0.105182926829268,0.248037676609105,0.00153139356814701,0,0.00766871165644172,0,0,0.723981900452489,0,0.0410334346504559,0.392801251956182,0,0.00615384615384615,0,0,0,0,0.365527488855869,0.132192846034215,0.00302114803625378,0,0.152777777777778,0,0,0.0062015503875969,0.104454685099846,0,0,0.0728682170542636,0,0,0.144796380090498,0,0.33122028526149
"23",0.00807754442649435,0,0,0.00460122699386503,0.765258215962441,0.164869029275809,0.104166666666667,0.709428129829985,0.261345852895149,0.0839813374805599,0,0.172302737520129,0,0.791277258566978,0.955484896661367,0.00156985871271586,0.0424886191198786,0,0,0,0,0.0384615384615385,1,0.870253164556962,0.271604938271605,0.0534591194968553,0,0.0747217806041336,0.481946624803768,0,0.3,0.426584234930448,0.353488372093023,0.385826771653543,0,0,0.91496062992126,0,0.0675039246467818,0.00159744408945687,0.907936507936508,0,0.161648177496038,0.154083204930663,0.0757097791798107,0.28416149068323,0.168769716088328,0.00153609831029186,0.0063391442155309,0,0.0490506329113924,0.0668896321070234,0,0.0167427701674277,0.77602523659306,0.82370820668693,0.00925925925925926,0,0.0032520325203252,0.106317411402157,0,0.923197492163009,0,0.216300940438871,0,0,0,0,0.102362204724409,0.52
"24",0.0032,0,0,0,0.889589905362776,0.0305343511450382,0.0209003215434084,0.575851393188854,0.161189358372457,0.263565891472868,0,0.0393700787401575,0,0.768025078369906,0.8688,0.0185471406491499,0.00152905198776758,0,0,0,0,0.00155038759689922,0.870253164556962,1,0.124031007751938,0,0,0.206730769230769,0.339593114241002,0,0.188180404354588,0.598765432098765,0.222047244094488,0.253521126760563,0,0,0.766457680250784,0,0.0302066772655008,0.0302547770700637,0.936102236421725,0.00159744408945687,0.296124031007752,0.0262345679012346,0.23861852433281,0.177641653905054,0.0412044374009509,0.021671826625387,0,0,0.201238390092879,0.232441471571906,0,0,0.640378548895899,0.984472049689441,0.0015600624024961,0,0,0.268702290076336,0,0.781990521327014,0,0.354531001589825,0,0,0,0,0.263650546021841,0.381877022653722
"25",0.00473186119873817,0.062402496099844,0,0.0346907993966818,0.0900621118012422,0.824587706146927,0.68503937007874,0.306870229007634,0.340490797546012,0,0,0.773846153846154,0,0.172573189522342,0.277691107644306,0,0.621987951807229,0,0,0,0,0.575301204819277,0.271604938271605,0.124031007751938,1,0.571870170015456,0.00925925925925926,0,0.67737003058104,0.0107692307692308,0.363076923076923,0.0107692307692308,0.762557077625571,0.745038167938931,0.0046583850931677,0.00307692307692308,0.374613003095975,0.00321543408360129,0.0787037037037037,0,0.215748031496063,0,0.0030441400304414,0.88821752265861,0,0.370030581039755,0.709175738724728,0,0.0868217054263566,0,0,0,0,0.185459940652819,0.242283950617284,0.117734724292101,0.00305810397553517,0.00156739811912226,0,0,0,0.358255451713396,0,0,0,0,0,0.00300751879699248,0,0.665056360708535
"26",0,0.286833855799373,0,0,0,0.712538226299694,0.406003159557662,0.200308166409861,0.0494590417310665,0,0,0.819334389857369,0.0599369085173502,0.0511627906976744,0.0187793427230047,0,0.966717095310136,0,0,0,0,0.998477929984779,0.0534591194968553,0,0.571870170015456,1,0,0,0.520865533230294,0.194528875379939,0.0708782742681048,0,0.6453125,0.603686635944701,0.213728549141966,0.246875,0.111811023622047,0.22866344605475,0.00771604938271605,0,0.0078740157480315,0,0,0.726574500768049,0,0.0509259259259259,0.425,0,0.00631911532385466,0,0,0,0,0.386466165413534,0.155905511811024,0.00304878048780488,0,0.148264984227129,0,0,0.0063391442155309,0.113744075829384,0,0,0.0703125,0,0,0.13587786259542,0,0.330696202531646
"27",0.547169811320755,0.17527386541471,0.00777604976671851,0.686064318529862,0,0,0.178343949044586,0.00613496932515337,0.353846153846154,0,0.664086687306502,0,0.322784810126582,0,0.00314465408805031,0.00154559505409583,0,0.404320987654321,0.179331306990881,0.542721518987342,0.40650406504065,0,0,0,0.00925925925925926,0,1,0,0,0.223765432098765,0.314728682170543,0,0,0,0.182389937106918,0.12480252764613,0,0.118314424635332,0.507668711656442,0,0,0.0153846153846154,0.0791925465838509,0.00306748466257669,0,0.319634703196347,0.164852255054432,0,0.7296875,0.475077881619938,0,0,0.380952380952381,0.206325301204819,0.00153846153846154,0,0.488549618320611,0.251572327044025,0.0498392282958199,0,0.452830188679245,0,0.483464566929134,0,0.3125,0.545166402535658,0.364951768488746,0.24251497005988,0,0.0592
"28",0.00328947368421053,0,0.333865814696486,0,0.191455696202532,0,0,0.00158730158730159,0,0.958990536277603,0.00315955766192733,0,0,0.0862068965517241,0.0760517799352751,0.496147919876733,0,0.0253164556962025,0.19872813990461,0.00323101777059774,0.0265339966832504,0,0.0747217806041336,0.206730769230769,0,0,0,1,0,0,0,0.677165354330709,0,0,0,0,0.0471698113207547,0,0.00317460317460317,0.514516129032258,0.152597402597403,0.348171701112878,0.632911392405063,0,0.861066235864297,0,0,0.632492113564669,0,0.00793650793650794,0.95389507154213,0.996592844974446,0.032,0,0.012779552715655,0.222222222222222,0.00475435816164818,0,0.256535947712418,0.94679186228482,0,0.037156704361874,0.00661157024793388,0.659677419354839,0,0.00488599348534202,0.0263157894736842,0,0.86698717948718,0
"29",0,0.00309597523219814,0,0,0.279320987654321,0.626707132018209,0.238244514106583,0.505279034690799,0.161787365177196,0,0,0.719568567026194,0,0.365079365079365,0.44496855345912,0,0.549253731343284,0,0,0,0,0.54364471669219,0.481946624803768,0.339593114241002,0.67737003058104,0.520865533230294,0,0,1,0.00151057401812689,0.184615384615385,0.0642201834862385,0.921898928024502,0.978527607361963,0,0,0.593893129770992,0.00161030595813205,0.009375,0,0.393364928909953,0,0.00152905198776758,0.639817629179331,0,0.17530487804878,0.389324960753532,0,0,0,0,0,0,0.039039039039039,0.466248037676609,0.344410876132931,0,0,0,0,0,0.598130841121495,0,0.00156494522691706,0,0,0,0.00151745068285281,0,0.678972712680578
"30",0,0.71889400921659,0,0.00150602409638554,0,0.0447761194029851,0.1198738170347,0,0,0,0,0.0485133020344288,0.767441860465116,0,0,0,0.198804185351271,0,0,0,0,0.207518796992481,0,0,0.0107692307692308,0.194528875379939,0.223765432098765,0,0.00151057401812689,1,0.00153374233128834,0,0,0.00152671755725191,0.75,0.763803680981595,0,0.995192307692308,0.00154798761609907,0,0,0,0,0.0395136778115502,0,0,0.0202177293934681,0,0.0484375,0,0,0,0,0.501474926253687,0,0,0,0.7609375,0,0,0.616352201257862,0,0,0,0.903225806451613,0,0,0.966767371601209,0,0.00473186119873817
"31",0.434231378763867,0.0157977883096366,0.00784929356357928,0.488549618320611,0.172143974960876,0.290519877675841,0.462757527733756,0.311728395061728,0.964006259780908,0,0.237730061349693,0.192488262910798,0.00467289719626168,0.204334365325077,0.306027820710974,0.00310077519379845,0.0772727272727273,0.0791925465838509,0.0657492354740061,0.152139461172742,0.074313408723748,0.0547945205479452,0.3,0.188180404354588,0.363076923076923,0.0708782742681048,0.314728682170543,0,0.184615384615385,0.00153374233128834,1,0.0644171779141104,0.173252279635258,0.172256097560976,0.00312989045383412,0,0.328682170542636,0,0.647604327666152,0,0.266347687400319,0.00310077519379845,0.210365853658537,0.309341500765697,0,0.951145038167939,0.671875,0.00154559505409583,0.545741324921136,0.130030959752322,0,0,0.122324159021407,0.201201201201201,0.243670886075949,0.154083204930663,0.354294478527607,0.00475435816164818,0.07223113964687,0,0.0015748031496063,0.307210031347962,0.165064102564103,0.0232919254658385,0.00309119010819165,0.141269841269841,0.0833333333333333,0,0,0.482371794871795
"32",0.00476947535771065,0,0.0579029733959311,0,0.496171516079632,0.00150602409638554,0.00158227848101266,0.158218125960061,0.0777439024390244,0.73353751914242,0,0.0015552099533437,0,0.36055469953775,0.406201550387597,0.15968992248062,0,0.00306748466257669,0.0512820512820513,0,0.00159744408945687,0,0.426584234930448,0.598765432098765,0.0107692307692308,0,0,0.677165354330709,0.0642201834862385,0,0.0644171779141104,1,0.0153374233128834,0.0244648318042813,0,0,0.351937984496124,0,0.0170807453416149,0.193447737909516,0.5141065830721,0.0646153846153846,0.655332302936631,0,0.597503900156006,0.0917293233082707,0.00927357032457496,0.277016742770167,0,0,0.657728706624606,0.687196110210697,0.0015527950310559,0,0.230046948356808,0.611620795107034,0.00460122699386503,0,0.0502431118314425,0.717557251908397,0,0.3484375,0.00157232704402516,0.527646129541864,0,0,0.0016,0,0.649068322981366,0.105511811023622
"33",0,0.0125984251968504,0,0,0.178683385579937,0.742033383915023,0.358161648177496,0.434848484848485,0.159332321699545,0,0,0.835384615384615,0,0.264525993883792,0.309815950920245,0,0.65625,0,0,0,0,0.658015267175573,0.353488372093023,0.222047244094488,0.762557077625571,0.6453125,0,0,0.921898928024502,0,0.173252279635258,0.0153374233128834,1,0.996923076923077,0,0,0.475037821482602,0,0.00918836140888208,0,0.270569620253165,0,0,0.758620689655172,0,0.158778625954198,0.461300309597523,0,0,0,0,0,0,0.0817236255572065,0.37904468412943,0.23030303030303,0,0,0,0,0,0.4734375,0,0.00154559505409583,0,0,0,0,0,0.647151898734177
"34",0,0.0108864696734059,0,0,0.203732503888025,0.708206686930091,0.333865814696486,0.437216338880484,0.159509202453988,0,0,0.806853582554517,0,0.273570324574961,0.336477987421384,0,0.625748502994012,0,0,0,0,0.620060790273556,0.385826771653543,0.253521126760563,0.745038167938931,0.603686635944701,0,0,0.978527607361963,0.00152671755725191,0.172256097560976,0.0244648318042813,0.996923076923077,1,0,0,0.497702909647779,0.00158982511923688,0.0123456790123457,0,0.298076923076923,0,0,0.723981900452489,0,0.157492354740061,0.447368421052632,0,0,0,0,0,0,0.062780269058296,0.390625,0.265957446808511,0,0,0,0,0,0.50390015600624,0,0,0,0,0,0.0015220700152207,0,0.665610142630745
"35",0,0.968454258675079,0,0.0106221547799697,0,0.0122699386503067,0.22741935483871,0.00306278713629403,0.0015552099533437,0,0,0.0140625,0.777424483306836,0,0,0,0.223903177004539,0,0,0,0,0.221198156682028,0,0,0.0046583850931677,0.213728549141966,0.182389937106918,0,0,0.75,0.00312989045383412,0,0,0,1,0.995327102803738,0,0.729773462783172,0.00305810397553517,0,0,0,0,0.0185758513931889,0,0.00154320987654321,0.0126582278481013,0,0.00955414012738853,0,0,0,0,0.748493975903614,0,0,0,0.952229299363057,0,0,0.722044728434505,0,0,0,0.750392464678179,0,0,0.725341426403642,0,0.00480769230769231
"36",0,0.96984126984127,0,0.00153609831029186,0,0.0168195718654434,0.207119741100324,0.00154083204930663,0,0,0,0.0221518987341772,0.759615384615385,0,0,0,0.256172839506173,0,0,0,0,0.258064516129032,0,0,0.00307692307692308,0.246875,0.12480252764613,0,0,0.763803680981595,0,0,0,0,0.995327102803738,1,0,0.764135702746365,0,0,0,0,0,0.0250783699059561,0,0,0.0110062893081761,0,0.00637958532695375,0,0,0,0,0.726726726726727,0,0,0,0.919937205651491,0,0,0.679032258064516,0,0,0,0.738244514106583,0,0,0.722222222222222,0,0.00483091787439614
"37",0.00631911532385466,0,0,0.00152671755725191,0.662037037037037,0.266975308641975,0.154589371980676,0.694656488549618,0.298921417565485,0.0494590417310665,0,0.274691358024691,0,0.701238390092879,0.85179407176287,0.00153139356814701,0.10590015128593,0,0,0,0,0.105182926829268,0.91496062992126,0.766457680250784,0.374613003095975,0.111811023622047,0,0.0471698113207547,0.593893129770992,0,0.328682170542636,0.351937984496124,0.475037821482602,0.497702909647779,0,0,1,0,0.0549450549450549,0,0.821766561514196,0,0.116640746500778,0.26219512195122,0.0327102803738318,0.305936073059361,0.226415094339623,0,0.003125,0,0.0283018867924528,0.0361247947454844,0,0.0239880059970015,0.746056782334385,0.729607250755287,0.00305343511450382,0,0,0.0619335347432024,0,0.984301412872841,0,0.111111111111111,0,0,0,0,0.0484375,0.598086124401914
"38",0,0.695081967213115,0,0,0,0.0600315955766193,0.0752508361204013,0,0,0,0,0.0657051282051282,0.740322580645161,0,0,0,0.221350078492936,0,0,0,0,0.248037676609105,0,0,0.00321543408360129,0.22866344605475,0.118314424635332,0,0.00161030595813205,0.995192307692308,0,0,0,0.00158982511923688,0.729773462783172,0.764135702746365,0,1,0,0,0,0,0,0.0442338072669826,0,0,0.0192307692307692,0,0.0178861788617886,0,0,0,0,0.454828660436137,0,0,0,0.719155844155844,0,0,0.552117263843648,0,0,0,0.873397435897436,0,0,0.955414012738854,0,0
"39",0.8192,0.0015552099533437,0.0944,0.69558599695586,0.0577223088923557,0.12937595129376,0.215530903328051,0.0970724191063174,0.678843226788432,0,0.575384615384615,0.0506329113924051,0.0202492211838006,0.0704225352112676,0.0788643533123028,0.0154798761609907,0.00916030534351145,0.317262830482115,0.278890600924499,0.478806907378336,0.320197044334975,0.00153139356814701,0.0675039246467818,0.0302066772655008,0.0787037037037037,0.00771604938271605,0.507668711656442,0.00317460317460317,0.009375,0.00154798761609907,0.647604327666152,0.0170807453416149,0.00918836140888208,0.0123456790123457,0.00305810397553517,0,0.0549450549450549,0,1,0,0.0462519936204147,0.0818897637795276,0.266975308641975,0.0807453416149068,0,0.63914373088685,0.40506329113924,0.00309119010819165,0.822605965463108,0.427672955974843,0,0,0.316279069767442,0.108597285067873,0.096875,0.0138461538461538,0.697204968944099,0.00318979266347687,0.216528925619835,0,0.0546875,0.0524642289348172,0.538211382113821,0.00802568218298555,0.00940438871473354,0.444794952681388,0.253267973856209,0,0,0.145569620253165
"40",0.00483091787439614,0,0.694835680751174,0.0108359133126935,0.0965732087227414,0,0,0.0446153846153846,0,0.50855365474339,0.0062111801242236,0,0,0.0922098569157393,0.00801282051282051,0.9826224328594,0,0.05103668261563,0.173708920187793,0.0189274447949527,0.0511551155115512,0,0.00159744408945687,0.0302547770700637,0,0,0,0.514516129032258,0,0,0,0.193447737909516,0,0,0,0,0,0,0,1,0.014446227929374,0.766192733017378,0.192488262910798,0,0.606349206349206,0,0,0.760802469135803,0,0.014308426073132,0.575277337559429,0.533106960950764,0.0939490445859873,0,0.0522875816993464,0.0494590417310665,0.0110410094637224,0,0.559865092748735,0.503076923076923,0,0,0.017741935483871,0.541666666666667,0,0.0208,0.0882352941176471,0,0.587596899224806,0
"41",0.00657894736842105,0,0.00161030595813205,0.009375,0.817014446227929,0.0820433436532508,0.0959349593495935,0.609642301710731,0.2421875,0.194401244167963,0,0.0848,0,0.769352290679305,0.92741935483871,0.0110759493670886,0.00927357032457496,0,0,0,0,0.00766871165644172,0.907936507936508,0.936102236421725,0.215748031496063,0.0078740157480315,0,0.152597402597403,0.393364928909953,0,0.266347687400319,0.5141065830721,0.270569620253165,0.298076923076923,0,0,0.821766561514196,0,0.0462519936204147,0.014446227929374,1,0.00157977883096367,0.229067930489731,0.0920436817472699,0.174050632911392,0.261417322834646,0.12540192926045,0.0110236220472441,0.00326797385620915,0,0.135922330097087,0.157894736842105,0.00471698113207547,0.0107197549770291,0.664536741214057,0.907550077041603,0.0110584518167457,0,0.00327332242225859,0.191653786707883,0,0.820634920634921,0,0.313099041533546,0,0,0.00490998363338789,0,0.181089743589744,0.457851239669421
"42",0.131832797427653,0,0.995268138801262,0.0626911314984709,0.0110236220472441,0,0,0,0.0015625,0.274658573596358,0.1201248049922,0,0.00157977883096367,0.00467289719626168,0,0.839203675344564,0,0.211267605633803,0.47926267281106,0.211023622047244,0.218390804597701,0,0,0.00159744408945687,0,0,0.0153846153846154,0.348171701112878,0,0,0.00310077519379845,0.0646153846153846,0,0,0,0,0,0,0.0818897637795276,0.766192733017378,0.00157977883096367,1,0.15,0,0.346875,0.00153846153846154,0,0.702954898911353,0.0174603174603175,0.219626168224299,0.345541401273885,0.315091210613599,0.263578274760383,0,0.00154083204930663,0.00303951367781155,0.180277349768875,0,0.893267651888342,0.269645608628659,0.00958466453674121,0,0.2224,0.225552050473186,0,0.205047318611987,0.267100977198697,0,0.302362204724409,0
"43",0.341384863123994,0,0.165341812400636,0.25948406676783,0.236306729264476,0.00149925037481259,0.00958466453674121,0.0212765957446809,0.252713178294574,0.598461538461538,0.187214611872146,0,0,0.115264797507788,0.152647975077882,0.165137614678899,0,0.217592592592593,0.315467075038285,0.185647425897036,0.195512820512821,0,0.161648177496038,0.296124031007752,0.0030441400304414,0,0.0791925465838509,0.632911392405063,0.00152905198776758,0,0.210365853658537,0.655332302936631,0,0,0,0,0.116640746500778,0,0.266975308641975,0.192488262910798,0.229067930489731,0.15,1,0,0.506269592476489,0.251141552511416,0.0541795665634675,0.294656488549618,0.159937888198758,0.210526315789474,0.5640625,0.590909090909091,0.245341614906832,0,0.0285261489698891,0.270642201834862,0.326186830015314,0,0.267536704730832,0.619482496194825,0,0.0938967136150235,0.228706624605678,0.411214953271028,0,0.176656151419558,0.199362041467305,0,0.53953488372093,0.0205371248025276
"44",0.00927357032457496,0.0790697674418605,0,0.00755287009063444,0.0230769230769231,0.948872180451128,0.618153364632238,0.216463414634146,0.301857585139319,0,0,0.90894819466248,0,0.0860215053763441,0.145962732919255,0,0.736842105263158,0,0,0,0,0.723981900452489,0.154083204930663,0.0262345679012346,0.88821752265861,0.726574500768049,0.00306748466257669,0,0.639817629179331,0.0395136778115502,0.309341500765697,0,0.758620689655172,0.723981900452489,0.0185758513931889,0.0250783699059561,0.26219512195122,0.0442338072669826,0.0807453416149068,0,0.0920436817472699,0,0,1,0,0.316436251920123,0.712286158631415,0,0.093167701863354,0,0,0,0,0.170914542728636,0.166921898928025,0.0302114803625378,0.00152671755725191,0.00615384615384615,0,0,0,0.252730109204368,0,0,0.00310077519379845,0,0,0.0194029850746269,0,0.506369426751592
"45",0,0,0.317965023847377,0,0.256651017214397,0,0,0.0246153846153846,0,0.920062695924765,0,0,0,0.17219589257504,0.106084243369735,0.53953488372093,0,0.00618238021638331,0.0979782270606532,0,0.00494233937397035,0,0.0757097791798107,0.23861852433281,0,0,0,0.861066235864297,0,0,0,0.597503900156006,0,0,0,0,0.0327102803738318,0,0,0.606349206349206,0.174050632911392,0.346875,0.506269592476489,0,1,0,0,0.62015503875969,0,0,0.9046875,0.910774410774411,0.0299684542586751,0,0.0474683544303797,0.272868217054264,0.00156985871271586,0,0.243421052631579,0.920122887864823,0,0.0299684542586751,0,0.816614420062696,0,0,0.0259319286871961,0,0.969936708860759,0
"46",0.4576,0.0123456790123457,0.00927357032457496,0.490225563909774,0.121538461538462,0.293591654247392,0.452418096723869,0.226993865030675,0.989263803680982,0.00303490136570561,0.260606060606061,0.179407176287051,0.00471698113207547,0.142419601837672,0.28414442700157,0,0.0680473372781065,0.143074581430746,0.101669195751138,0.181818181818182,0.12779552715655,0.0410334346504559,0.28416149068323,0.177641653905054,0.370030581039755,0.0509259259259259,0.319634703196347,0,0.17530487804878,0,0.951145038167939,0.0917293233082707,0.158778625954198,0.157492354740061,0.00154320987654321,0,0.305936073059361,0,0.63914373088685,0,0.261417322834646,0.00153846153846154,0.251141552511416,0.316436251920123,0,1,0.651234567901235,0.00152671755725191,0.566770186335404,0.158385093167702,0,0,0.174183514774495,0.15727002967359,0.167449139280125,0.14567526555387,0.397590361445783,0.003125,0.0904605263157895,0,0.00157232704402516,0.291731669266771,0.195859872611465,0.00625,0.0015625,0.17007874015748,0.13452188006483,0,0.00154798761609907,0.44408945686901
"47",0.207119741100324,0.064873417721519,0,0.268072289156627,0.0301587301587302,0.688854489164087,0.72859450726979,0.213846153846154,0.64576802507837,0,0.0555555555555556,0.580542264752791,0.00476190476190476,0.0822784810126582,0.165594855305466,0,0.446319018404908,0,0,0.00802568218298555,0,0.392801251956182,0.168769716088328,0.0412044374009509,0.709175738724728,0.425,0.164852255054432,0,0.389324960753532,0.0202177293934681,0.671875,0.00927357032457496,0.461300309597523,0.447368421052632,0.0126582278481013,0.0110062893081761,0.226415094339623,0.0192307692307692,0.40506329113924,0,0.12540192926045,0,0.0541795665634675,0.712286158631415,0,0.651234567901235,1,0,0.357371794871795,0.0015552099533437,0,0,0.00156494522691706,0.273413897280967,0.144654088050314,0.0330708661417323,0.119685039370079,0.00793650793650794,0.0115702479338843,0,0,0.205696202531646,0.00655737704918033,0,0.0031496062992126,0.00647249190938511,0.00162866449511401,0.00777604976671851,0,0.548076923076923
"48",0.00952380952380952,0,0.6765625,0.0242424242424242,0.0295489891135303,0,0,0,0.00153139356814701,0.567026194144838,0.00916030534351145,0,0,0.00921658986175115,0.00155763239875389,0.76,0,0.140672782874618,0.32469512195122,0.0463258785942492,0.14975845410628,0,0.00153609831029186,0.021671826625387,0,0,0,0.632492113564669,0,0,0.00154559505409583,0.277016742770167,0,0,0,0,0,0,0.00309119010819165,0.760802469135803,0.0110236220472441,0.702954898911353,0.294656488549618,0,0.62015503875969,0.00152671755725191,0,1,0,0.0496124031007752,0.6375,0.6110183639399,0.2,0,0,0.0257966616084977,0.0577507598784195,0,0.563607085346216,0.576864535768645,0,0,0.033175355450237,0.461897356143079,0,0.0399361022364217,0.197115384615385,0,0.579510703363914,0
"49",0.756493506493506,0.0142630744849445,0.0223642172523962,0.694099378881988,0,0.109034267912773,0.233278955954323,0.00464396284829721,0.6171875,0,0.680124223602484,0.0251177394034537,0.113237639553429,0,0.028436018957346,0,0.00917431192660551,0.371473354231975,0.214397496087637,0.541935483870968,0.385761589403974,0.00615384615384615,0.0063391442155309,0,0.0868217054263566,0.00631911532385466,0.7296875,0,0,0.0484375,0.545741324921136,0,0,0,0.00955414012738853,0.00637958532695375,0.003125,0.0178861788617886,0.822605965463108,0,0.00326797385620915,0.0174603174603175,0.159937888198758,0.093167701863354,0,0.566770186335404,0.357371794871795,0,1,0.477449455676516,0,0,0.354066985645933,0.0902140672782875,0,0,0.655813953488372,0.0503246753246753,0.102141680395387,0,0.168253968253968,0.00317460317460317,0.526484751203852,0,0.0922098569157393,0.523052464228935,0.308562197092084,0.0743034055727554,0,0.0951612903225806
