"","V1","V2","V3","V4","V5","V6","V7","V8","V9","V10","V11","V12","V13","V14","V15","V16","V17","V18","V19","V20","V21","V22","V23","V24","V25","V26","V27","V28","V29","V30","V31","V32","V33","V34","V35","V36","V37","V38","V39","V40","V41","V42","V43","V44","V45","V46","V47","V48","V49","V50","V51","V52","V53","V54","V55","V56","V57","V58","V59","V60","V61","V62","V63","V64","V65","V66","V67","V68","V69","V70"
"1",1,0.00150829562594268,0.527472527472527,0.974739970282318,0.00153139356814701,0.0031055900621118,0.0149925037481259,0.00154083204930663,0.453149001536098,0.0468277945619335,0.962790697674419,0.00153139356814701,0.0290519877675841,0,0.0045662100456621,0.155824508320726,0,0.978395061728395,0.896341463414634,0.987767584097859,0.98159509202454,0,0.00458015267175573,0.00301659125188537,0.00308166409861325,0,0.775417298937785,0.0764430577223089,0,0.00306748466257669,0.186440677966102,0.0196969696969697,0,0.00153374233128834,0.00148588410104012,0,0.00303951367781155,0.00305343511450382,0.938080495356037,0.121765601217656,0.00459418070444104,0.490353697749196,0.10752688172043,0.00308166409861325,0.0453857791225416,0.356814701378254,0.0139751552795031,0.160606060606061,0.903614457831325,0.986153846153846,0.0542986425339367,0.0441400304414003,0.977029096477795,0.00307692307692308,0,0,0.993808049535604,0.00158478605388273,0.604651162790698,0.0478395061728395,0.125188536953243,0.00298507462686567,0.99537037037037,0.024653312788906,0.0246153846153846,0.989263803680982,0.96875,0.00613496932515337,0.0389408099688473,0.00301204819277108
"2",0.00150829562594268,1,0,0.00599700149925037,0,0.0699844479004666,0.305597579425113,0.021671826625387,0.0046656298600311,0,0.00612557427258806,0.0595611285266458,0.922360248447205,0,0,0,0.56298600311042,0.00460829493087558,0,0.0046656298600311,0.00309119010819165,0.506172839506173,0,0,0.0765696784073507,0.45226917057903,0.186081694402421,0,0.0243161094224924,0.956856702619414,0.0109546165884194,0,0.0360902255639098,0.0409448818897638,0.992412746585736,0.990950226244344,0,0.96390977443609,0.00156739811912226,0,0,0,0,0.0886850152905199,0,0.00914634146341463,0.0788253477588872,0,0.0323574730354391,0.00615384615384615,0,0,0.00306748466257669,0.908675799086758,0,0,0,0.973058637083994,0,0,0.824508320726172,0.00150602409638554,0.00154559505409583,0,0.932307692307692,0.00307219662058372,0.0046801872074883,0.946401225114854,0,0.0625
"3",0.527472527472527,0,1,0.50231124807396,0.273021001615509,0,0,0.00642054574638844,0.176848874598071,0.477491961414791,0.487096774193548,0,0.00492610837438424,0.037037037037037,0.0175718849840256,0.667716535433071,0,0.534090909090909,0.673139158576052,0.530081300813008,0.531300160513644,0,0.0241545893719807,0.0618066561014263,0,0,0.289348171701113,0.531810766721044,0,0,0.0693069306930693,0.404120443740095,0,0,0,0,0.00323101777059774,0,0.516233766233766,0.621359223300971,0.0288461538461538,1,0.482258064516129,0,0.507861635220126,0.141252006420546,0,0.653354632587859,0.394984326018809,0.520833333333333,0.511848341232227,0.503974562798092,0.552504038772213,0,0.0193236714975845,0.0308943089430894,0.549918166939444,0,0.981666666666667,0.457413249211356,0.018957345971564,0.00311526479750779,0.524720893141946,0.477198697068404,0.00159744408945687,0.550724637681159,0.538961038961039,0,0.469055374592834,0
"4",0.974739970282318,0.00599700149925037,0.50231124807396,1,0,0.013953488372093,0.0314842578710645,0.00309597523219814,0.45635528330781,0.0314842578710645,0.95679012345679,0.00153609831029186,0.0368098159509202,0.00153139356814701,0.00153374233128834,0.161094224924012,0.00151515151515152,0.967692307692308,0.875379939209726,0.968229954614221,0.963414634146341,0,0.00152905198776758,0,0.0183206106870229,0,0.7947932618683,0.0534351145038168,0,0.00464396284829721,0.214395099540582,0.0120300751879699,0,0.0015625,0.00455235204855842,0.0014903129657228,0.00151057401812689,0.00148588410104012,0.9265625,0.122727272727273,0.00153846153846154,0.483306836248013,0.0882800608828006,0.0123456790123457,0.0317700453857791,0.362146050670641,0.0290519877675841,0.165137614678899,0.902587519025875,0.971556886227545,0.0404191616766467,0.0334855403348554,0.974085365853659,0.00911854103343465,0.00154320987654321,0,0.978328173374613,0.0109717868338558,0.5828125,0.0291858678955453,0.144144144144144,0.00148809523809524,0.968277945619335,0.0199692780337942,0.0338461538461538,0.970724191063174,0.968798751950078,0.00768049155145929,0.0327102803738318,0.0164917541229385
"5",0.00153139356814701,0,0.273021001615509,0,1,0.147515527950311,0.028169014084507,0.296703296703297,0.157392686804452,0.7625,0.00159489633173844,0.179650238473768,0,0.674454828660436,0.588697017268446,0.637223974763407,0,0,0.0219435736677116,0,0,0.0015527950310559,0.591194968553459,0.804724409448819,0.149842271293375,0.00471698113207547,0,0.703821656050955,0.230283911671924,0,0.189873417721519,0.838607594936709,0.216383307573416,0.200956937799043,0,0,0.373040752351097,0,0.0368589743589744,0.663522012578616,0.654516640253566,0.301458670988655,0.733017377567141,0.112877583465819,0.763975155279503,0.1578125,0.133647798742138,0.603149606299213,0.0015552099533437,0.00154559505409583,0.752738654147105,0.752791068580542,0,0,0.542857142857143,0.727416798732171,0.0031496062992126,0,0.248,0.770542635658915,0,0.356495468277946,0.00156739811912226,0.810593900481541,0,0,0,0,0.798722044728435,0.16030534351145
"6",0.0031055900621118,0.0699844479004666,0,0.013953488372093,0.147515527950311,1,0.797507788161994,0.882445141065831,0.541533546325879,0.00157232704402516,0.00646203554119548,0.9826224328594,0.0145395799676898,0.517684887459807,0.613526570048309,0,0.538827258320127,0.00157977883096367,0,0.0016260162601626,0.0016025641025641,0.578864353312303,0.59047619047619,0.390205371248025,0.990491283676704,0.628980891719745,0.009375,0.00161290322580645,0.925117004680187,0.0686900958466454,0.788888888888889,0.028436018957346,0.946708463949843,0.9408,0.0501567398119122,0.0585516178736518,0.80824088748019,0.0563380281690141,0.0794165316045381,0,0.526232114467409,0,0,0.990610328638498,0.00157232704402516,0.626168224299065,0.985826771653543,0,0.0621019108280255,0.00314465408805031,0.00155038759689922,0.00159744408945687,0.0016260162601626,0.185126582278481,0.679032258064516,0.447115384615385,0.0032258064516129,0.0374592833876222,0.00161812297734628,0.00156739811912226,0,0.819466248037677,0,0.00318979266347687,0.027027027027027,0,0,0.042654028436019,0.00161812297734628,0.967441860465116
"7",0.0149925037481259,0.305597579425113,0,0.0314842578710645,0.028169014084507,0.797507788161994,1,0.659442724458204,0.428571428571429,0,0.0188679245283019,0.761829652996845,0.195275590551181,0.320373250388802,0.391975308641975,0,0.738532110091743,0.0108864696734059,0.0015600624024961,0.0125195618153365,0.0109034267912773,0.75346687211094,0.374613003095975,0.194864048338369,0.845092024539877,0.777777777777778,0.0386398763523957,0,0.688271604938272,0.264890282131661,0.623076923076923,0.00924499229583975,0.725757575757576,0.718995290423862,0.263237518910741,0.254931714719272,0.565485362095532,0.243975903614458,0.0551181102362205,0,0.326498422712934,0,0.0015625,0.837245696400626,0,0.504559270516717,0.816485225505443,0,0.0843558282208589,0.0166414523449319,0,0,0.0109546165884194,0.423493044822257,0.445820433436532,0.244548286604361,0.0126582278481013,0.240770465489567,0,0,0.146084337349398,0.588323353293413,0.00925925925925926,0,0.211332312404288,0.0108191653786708,0.0173228346456693,0.216848673946958,0,0.807575757575758
"8",0.00154083204930663,0.021671826625387,0.00642054574638844,0.00309597523219814,0.296703296703297,0.882445141065831,0.659442724458204,1,0.530351437699681,0.0218408736349454,0.0016025641025641,0.920382165605096,0,0.6608,0.707547169811321,0.0251177394034537,0.449685534591195,0.00159235668789809,0,0.00157977883096367,0.00158227848101266,0.484375,0.702362204724409,0.506269592476489,0.889751552795031,0.532915360501567,0,0.00955414012738853,0.956318252730109,0.0236593059936909,0.806138933764136,0.0883280757097792,0.953632148377125,0.948717948717949,0.015600624024961,0.0184331797235023,0.881789137380192,0.0201238390092879,0.0656,0.0266457680250784,0.652312599681021,0.00657894736842105,0.023696682464455,0.881789137380192,0.0388802488335925,0.624610591900312,0.872239747634069,0.00157728706624606,0.0296875,0.00155763239875389,0.0292307692307692,0.019047619047619,0.00317460317460317,0.145962732919255,0.819334389857369,0.580031695721078,0.00161290322580645,0.0113085621970921,0.00486223662884927,0.0394321766561514,0,0.9,0,0.0667726550079491,0.00154798761609907,0,0,0.0143312101910828,0.0532258064516129,0.909509202453988
"9",0.453149001536098,0.0046656298600311,0.176848874598071,0.45635528330781,0.157392686804452,0.541533546325879,0.428571428571429,0.530351437699681,1,0.0296411856474259,0.451355661881978,0.475435816164818,0.0144,0.373015873015873,0.461417322834646,0.0347003154574132,0.179527559055118,0.389067524115756,0.369734789391576,0.416932907348243,0.40527950310559,0.16820987654321,0.439252336448598,0.302652106084243,0.511811023622047,0.212460063897764,0.40405616224649,0.0381558028616852,0.493730407523511,0.00631911532385466,0.809076682316119,0.0770416024653313,0.493023255813954,0.459807073954984,0,0.00152905198776758,0.499215070643642,0.00307692307692308,0.539087947882736,0.0170807453416149,0.407643312101911,0.153212520593081,0.0829420970266041,0.497637795275591,0.0265210608424337,0.959876543209877,0.558028616852146,0.0357142857142857,0.525078369905956,0.409020217729393,0.0279503105590062,0.0251968503937008,0.435054773082942,0.0705329153605016,0.430124223602484,0.329581993569132,0.455696202531646,0.00321027287319422,0.252019386106624,0.03125,0.0249609984399376,0.510769230769231,0.432432432432432,0.0221518987341772,0.0111111111111111,0.387301587301587,0.396496815286624,0.00158227848101266,0.0276422764227642,0.532915360501567
"10",0.0468277945619335,0,0.477491961414791,0.0314842578710645,0.7625,0.00157232704402516,0,0.0218408736349454,0.0296411856474259,1,0.0186625194401244,0,0,0.380655226209048,0.314241486068111,0.853658536585366,0,0.0479876160990712,0.133131618759455,0.0438871473354232,0.0474732006125574,0,0.315707620528771,0.541984732824427,0.00306278713629403,0,0,0.976816074188563,0.0168711656441718,0,0.0278207109737249,0.932515337423313,0.0106060606060606,0.0078003120124805,0,0,0.147286821705426,0,0.0157728706624606,0.880434782608696,0.387596899224806,0.504807692307692,0.93343653250774,0,0.984825493171472,0.0260336906584992,0,0.858678955453149,0,0.0412844036697248,0.987786259541985,0.996941896024465,0.0416666666666667,0,0.23125,0.464566929133858,0.0427892234548336,0,0.382775119617225,0.998470948012232,0,0.115789473684211,0.0357142857142857,0.970404984423676,0,0.046583850931677,0.0541795665634675,0,0.981072555205047,0.00152671755725191
"11",0.962790697674419,0.00612557427258806,0.487096774193548,0.95679012345679,0.00159489633173844,0.00646203554119548,0.0188679245283019,0.0016025641025641,0.451355661881978,0.0186625194401244,1,0.00161290322580645,0.0758064516129032,0,0.00319488817891374,0.113782051282051,0,0.962843295638126,0.844444444444444,0.979299363057325,0.968203497615262,0,0.00316957210776545,0.00157728706624606,0.00642054574638844,0,0.84044233807267,0.0416666666666667,0,0.0256,0.174757281553398,0.0078003120124805,0,0.00158982511923688,0.00464396284829721,0.00463678516228748,0.00159489633173844,0.0125984251968504,0.909531502423263,0.0873015873015873,0.00314465408805031,0.462057335581788,0.0598425196850394,0.00634920634920635,0.0139968895800933,0.345911949685535,0.0158982511923688,0.127591706539075,0.94006309148265,0.974960876369327,0.0188976377952756,0.018957345971564,0.951334379905808,0.00789889415481832,0,0,0.95389507154213,0.0246710526315789,0.560457516339869,0.0128410914927769,0.183385579937304,0.00155763239875389,0.976152623211447,0.00806451612903226,0.0614173228346457,0.974723538704581,0.953301127214171,0.0338709677419355,0.00980392156862745,0.0078740157480315
"12",0.00153139356814701,0.0595611285266458,0,0.00153609831029186,0.179650238473768,0.9826224328594,0.761829652996845,0.920382165605096,0.475435816164818,0,0.00161290322580645,1,0.00635930047694754,0.555732484076433,0.632329635499208,0,0.547923322683706,0.00159235668789809,0,0.00158982511923688,0.00159744408945687,0.597156398104265,0.620031796502385,0.418238993710692,0.973228346456693,0.646579804560261,0.00157232704402516,0,0.957746478873239,0.0657051282051282,0.75748031496063,0.0332805071315372,0.974960876369327,0.971518987341772,0.0476923076923077,0.0592823712948518,0.823809523809524,0.0515625,0.0550161812297735,0,0.559241706161137,0,0,0.974882260596546,0,0.56828885400314,0.965299684542587,0,0.0357142857142857,0.00156739811912226,0,0,0.00158730158730159,0.157232704402516,0.717703349282297,0.489533011272142,0.00161550888529887,0.0313014827018122,0,0,0,0.843167701863354,0,0.00476190476190476,0.0208667736757624,0,0,0.0385852090032154,0,0.96417445482866
"13",0.0290519877675841,0.922360248447205,0.00492610837438424,0.0368098159509202,0,0.0145395799676898,0.195275590551181,0,0.0144,0,0.0758064516129032,0.00635930047694754,1,0,0,0.00319488817891374,0.433333333333333,0.032051282051282,0.00796178343949045,0.0470016207455429,0.0353130016051364,0.399355877616747,0,0,0.0126382306477093,0.355519480519481,0.241057542768274,0,0,0.944267515923567,0.00963081861958266,0,0.0015600624024961,0.00160771704180064,0.940625,0.931506849315068,0,0.955766192733017,0.0288,0.0015625,0,0.00657894736842105,0,0.0161030595813204,0,0.010989010989011,0.0158730158730159,0,0.0869565217391304,0.0455259026687598,0,0,0.0253164556962025,0.810509554140127,0,0,0.0241157556270096,0.962233169129721,0.0065252854812398,0,0.932389937106918,0,0.0403877221324717,0,0.992063492063492,0.045958795562599,0.0390879478827362,0.972972972972973,0,0.00927357032457496
"14",0,0,0.037037037037037,0.00153139356814701,0.674454828660436,0.517684887459807,0.320373250388802,0.6608,0.373015873015873,0.380655226209048,0,0.555732484076433,0,1,0.942635658914729,0.267295597484277,0.105754276827372,0,0.0015748031496063,0,0,0.127527216174184,0.931464174454829,0.879120879120879,0.531055900621118,0.172523961661342,0,0.334928229665072,0.606687898089172,0,0.529042386185243,0.475590551181102,0.598461538461538,0.582664526484751,0,0,0.746478873239437,0,0.0529695024077047,0.309636650868878,0.947368421052632,0.051948051948052,0.367834394904459,0.477564102564103,0.408385093167702,0.433903576982893,0.498422712933754,0.257911392405063,0.0031104199066874,0,0.376543209876543,0.373626373626374,0.00156985871271586,0.0251177394034537,0.905660377358491,0.938095238095238,0.0016025641025641,0,0.037037037037037,0.422047244094488,0,0.727554179566563,0,0.43859649122807,0,0,0,0,0.437699680511182,0.523219814241486
"15",0.0045662100456621,0,0.0175718849840256,0.00153374233128834,0.588697017268446,0.613526570048309,0.391975308641975,0.707547169811321,0.461417322834646,0.314241486068111,0.00319488817891374,0.632329635499208,0,0.942635658914729,1,0.182098765432099,0.131901840490798,0.00157977883096367,0.00154798761609907,0.00156739811912226,0.00155763239875389,0.157650695517774,0.987748851454824,0.837423312883436,0.617283950617284,0.209119496855346,0,0.283255086071987,0.699376947040498,0,0.615030674846626,0.410658307210031,0.676335877862595,0.668253968253968,0,0,0.825347758887172,0,0.0612244897959184,0.202194357366771,0.946624803767661,0.0214876033057851,0.311216429699842,0.572567783094099,0.313455657492355,0.523219814241486,0.578125,0.185826771653543,0.00768049155145929,0.0031104199066874,0.302611367127496,0.295886075949367,0.00155763239875389,0.0265625,0.914012738853503,0.897637795275591,0.00634920634920635,0,0.0209677419354839,0.353941267387944,0,0.808446455505279,0.0015552099533437,0.33695652173913,0,0,0,0,0.338607594936709,0.611280487804878
"16",0.155824508320726,0,0.667716535433071,0.161094224924012,0.637223974763407,0,0,0.0251177394034537,0.0347003154574132,0.853658536585366,0.113782051282051,0,0.00319488817891374,0.267295597484277,0.182098765432099,1,0,0.15506329113924,0.282091917591125,0.147385103011094,0.162790697674419,0,0.178403755868545,0.364760432766615,0,0,0.0252365930599369,0.879173290937997,0,0,0.0362204724409449,0.768273716951788,0,0,0,0,0.0219435736677116,0,0.134615384615385,0.995260663507109,0.217729393468118,0.724025974025974,0.815789473684211,0,0.869431643625192,0.0325077399380805,0,0.968553459119497,0.0354938271604938,0.136858475894246,0.870866141732283,0.864779874213837,0.184834123222749,0,0.165605095541401,0.287051482059282,0.161949685534591,0,0.591935483870968,0.82780410742496,0.0030441400304414,0.0152439024390244,0.14576802507837,0.856466876971609,0,0.159810126582278,0.166666666666667,0,0.856230031948882,0
"17",0,0.56298600311042,0,0.00151515151515152,0,0.538827258320127,0.738532110091743,0.449685534591195,0.179527559055118,0,0,0.547923322683706,0.433333333333333,0.105754276827372,0.131901840490798,0,1,0,0,0,0,0.990683229813665,0.127760252365931,0.0325581395348837,0.548031496062992,0.96656050955414,0.015552099533437,0,0.478605388272583,0.522082018927445,0.320813771517997,0,0.504702194357367,0.50801282051282,0.524615384615385,0.546282245827011,0.325434439178515,0.537124802527646,0.00958466453674121,0,0.0851735015772871,0,0,0.588516746411483,0,0.224270353302611,0.55379746835443,0,0.0376175548589342,0,0,0,0,0.654028436018957,0.206677265500795,0.0647709320695103,0,0.509001636661211,0,0,0.293663060278207,0.350308641975309,0,0,0.436420722135008,0,0,0.492138364779874,0,0.556748466257669
"18",0.978395061728395,0.00460829493087558,0.534090909090909,0.967692307692308,0,0.00157977883096367,0.0108864696734059,0.00159235668789809,0.389067524115756,0.0479876160990712,0.962843295638126,0.00159235668789809,0.032051282051282,0,0.00157977883096367,0.15506329113924,0,1,0.911671924290221,0.985714285714286,1,0,0.00156985871271586,0,0.00158730158730159,0,0.764984227129338,0.0747217806041336,0,0.00157728706624606,0.130708661417323,0.0203761755485893,0,0.00157728706624606,0.00311526479750779,0.00155763239875389,0.00158982511923688,0.00154320987654321,0.887122416534181,0.127358490566038,0.00157728706624606,0.500821018062397,0.0833333333333333,0.00159744408945687,0.0507692307692308,0.293394777265745,0.00481540930979133,0.169278996865204,0.894654088050314,0.987635239567233,0.057542768273717,0.0476190476190476,0.98740157480315,0.00627943485086342,0,0,0.975961538461538,0.0095389507154213,0.59349593495935,0.0470957613814757,0.142410015649452,0.00153609831029186,0.981072555205047,0.0241157556270096,0.0282131661442006,0.987538940809969,0.993610223642173,0.00949367088607595,0.0416666666666667,0.00152671755725191
"19",0.896341463414634,0,0.673139158576052,0.875379939209726,0.0219435736677116,0,0.0015600624024961,0,0.369734789391576,0.133131618759455,0.844444444444444,0,0.00796178343949045,0.0015748031496063,0.00154798761609907,0.282091917591125,0,0.911671924290221,1,0.888364779874214,0.907496012759171,0,0.00158227848101266,0.00153846153846154,0,0,0.636645962732919,0.191387559808612,0,0,0.148325358851675,0.0807453416149068,0,0,0,0,0.00157232704402516,0,0.841091492776886,0.227707006369427,0.003125,0.622734761120264,0.2032,0,0.124233128834356,0.304482225656878,0.00158227848101266,0.286384976525822,0.769953051643192,0.890795631825273,0.143962848297214,0.143081761006289,0.913713405238829,0,0.00158730158730159,0.00315457413249211,0.9008,0,0.730769230769231,0.121913580246914,0.0522273425499232,0.00151975683890578,0.902668759811617,0.0970266040688576,0.0015527950310559,0.897314375987362,0.895734597156398,0,0.109697933227345,0
"20",0.987767584097859,0.0046656298600311,0.530081300813008,0.968229954614221,0,0.0016260162601626,0.0125195618153365,0.00157977883096367,0.416932907348243,0.0438871473354232,0.979299363057325,0.00158982511923688,0.0470016207455429,0,0.00156739811912226,0.147385103011094,0,0.985714285714286,0.888364779874214,1,0.990445859872611,0,0.00159235668789809,0,0.0015552099533437,0,0.810047095761381,0.0657051282051282,0,0.00477707006369427,0.152276295133438,0.0172143974960876,0,0.00160513643659711,0.00313479623824451,0.00156494522691706,0.00160513643659711,0.00308641975308642,0.913821138211382,0.106012658227848,0.00158982511923688,0.491694352159468,0.0759493670886076,0.0015625,0.0395569620253165,0.313084112149533,0.00943396226415094,0.144444444444444,0.908950617283951,0.998439937597504,0.0462249614791988,0.0394321766561514,0.975806451612903,0.00627943485086342,0,0,0.9824,0.0115702479338843,0.6,0.041335453100159,0.1515625,0.00153374233128834,0.993670886075949,0.0206349206349206,0.0410742496050553,1,0.98389694041868,0.0157728706624606,0.0338709677419355,0.00156739811912226
"21",0.98159509202454,0.00309119010819165,0.531300160513644,0.963414634146341,0,0.0016025641025641,0.0109034267912773,0.00158227848101266,0.40527950310559,0.0474732006125574,0.968203497615262,0.00159744408945687,0.0353130016051364,0,0.00155763239875389,0.162790697674419,0,1,0.907496012759171,0.990445859872611,1,0,0.0015527950310559,0,0.00154559505409583,0,0.773082942097027,0.0781499202551834,0,0.00158478605388273,0.140350877192982,0.0203442879499218,0,0.00161290322580645,0.00152905198776758,0.00150829562594268,0.00156494522691706,0.00154320987654321,0.892282958199357,0.128682170542636,0.00156494522691706,0.502431118314425,0.0984126984126984,0.00159489633173844,0.0453834115805947,0.312404287901991,0.00786163522012579,0.177570093457944,0.890965732087227,0.990683229813665,0.0529595015576324,0.0445151033386327,0.984447900466563,0.00312989045383412,0,0,0.977707006369427,0.00637958532695375,0.586816720257235,0.0425196850393701,0.149691358024691,0.00152905198776758,0.986046511627907,0.0234741784037559,0.0300157977883096,0.990595611285266,0.990551181102362,0.0095389507154213,0.0382165605095541,0.00309119010819165
"22",0,0.506172839506173,0,0,0.0015527950310559,0.578864353312303,0.75346687211094,0.484375,0.16820987654321,0,0,0.597156398104265,0.399355877616747,0.127527216174184,0.157650695517774,0,0.990683229813665,0,0,0,0,1,0.165884194053208,0.0489296636085627,0.58359133126935,1,0.00927357032457496,0,0.519319938176198,0.477379095163807,0.34375,0,0.546282245827011,0.551505546751189,0.491704374057315,0.504587155963303,0.363777089783282,0.494573643410853,0.00478468899521531,0,0.107255520504732,0,0,0.627329192546584,0,0.204892966360856,0.60126582278481,0,0.031104199066874,0,0,0,0,0.601226993865031,0.2515625,0.078740157480315,0,0.456730769230769,0,0,0.249614791987673,0.384266263237519,0,0,0.397798742138365,0,0,0.438871473354232,0,0.584496124031008
"23",0.00458015267175573,0,0.0241545893719807,0.00152905198776758,0.591194968553459,0.59047619047619,0.374613003095975,0.702362204724409,0.439252336448598,0.315707620528771,0.00316957210776545,0.620031796502385,0,0.931464174454829,0.987748851454824,0.178403755868545,0.127760252365931,0.00156985871271586,0.00158227848101266,0.00159235668789809,0.0015527950310559,0.165884194053208,1,0.834375,0.593457943925234,0.221698113207547,0,0.297939778129952,0.690251572327044,0,0.601895734597156,0.430124223602484,0.665144596651446,0.650238473767886,0,0,0.82398753894081,0,0.0574162679425837,0.202194357366771,0.934169278996865,0.0196399345335516,0.336507936507937,0.546728971962617,0.320493066255778,0.504643962848297,0.553459119496855,0.183229813664596,0.00615384615384615,0.00311526479750779,0.308527131782946,0.319182389937107,0.0015600624024961,0.0327613104524181,0.921011058451817,0.886970172684458,0.00477707006369427,0,0.0210016155088853,0.358695652173913,0,0.811059907834101,0.00158730158730159,0.34384858044164,0,0,0,0,0.3488,0.596625766871166
"24",0.00301659125188537,0,0.0618066561014263,0,0.804724409448819,0.390205371248025,0.194864048338369,0.506269592476489,0.302652106084243,0.541984732824427,0.00157728706624606,0.418238993710692,0,0.879120879120879,0.837423312883436,0.364760432766615,0.0325581395348837,0,0.00153846153846154,0,0,0.0489296636085627,0.834375,1,0.391035548686244,0.0651162790697674,0,0.481717011128776,0.49375,0,0.409582689335394,0.649390243902439,0.462962962962963,0.462145110410095,0,0,0.6390625,0,0.0482115085536547,0.403993855606759,0.914691943127962,0.0795454545454545,0.522273425499232,0.351014040561622,0.519623233908948,0.342987804878049,0.358814352574103,0.36906584992343,0.00314465408805031,0.00156494522691706,0.525993883792049,0.517080745341615,0,0.0077639751552795,0.7265625,0.965299684542587,0.00315457413249211,0,0.0606060606060606,0.561728395061728,0,0.613394216133942,0.00154320987654321,0.553125,0,0,0,0,0.550561797752809,0.404580152671756
"25",0.00308166409861325,0.0765696784073507,0,0.0183206106870229,0.149842271293375,0.990491283676704,0.845092024539877,0.889751552795031,0.511811023622047,0.00306278713629403,0.00642054574638844,0.973228346456693,0.0126382306477093,0.531055900621118,0.617283950617284,0,0.548031496062992,0.00158730158730159,0,0.0015552099533437,0.00154559505409583,0.58359133126935,0.593457943925234,0.391035548686244,1,0.635220125786163,0.015748031496063,0.0016,0.932917316692668,0.0725552050473186,0.766561514195584,0.0260736196319018,0.950226244343891,0.944620253164557,0.0595419847328244,0.0623100303951368,0.795562599049128,0.0569230769230769,0.0593900481540931,0,0.539556962025316,0,0,0.993730407523511,0.00154083204930663,0.605783866057839,0.982785602503912,0,0.0617283950617284,0.00309119010819165,0.00155763239875389,0.00157728706624606,0.0015552099533437,0.190031152647975,0.665610142630745,0.458536585365854,0.00159744408945687,0.0446280991735537,0,0.00309597523219814,0.00153374233128834,0.819018404907976,0,0.00471698113207547,0.0317965023847377,0,0,0.0444444444444444,0.0032258064516129,0.978527607361963
"26",0,0.45226917057903,0,0,0.00471698113207547,0.628980891719745,0.777777777777778,0.532915360501567,0.212460063897764,0,0,0.646579804560261,0.355519480519481,0.172523961661342,0.209119496855346,0,0.96656050955414,0,0,0,0,1,0.221698113207547,0.0651162790697674,0.635220125786163,1,0.0046875,0,0.5640625,0.434920634920635,0.403785488958991,0,0.597826086956522,0.598715890850722,0.445652173913043,0.445288753799392,0.40952380952381,0.440124416796268,0.0113085621970921,0,0.15,0,0,0.67515923566879,0,0.264150943396226,0.652448657187994,0,0.0343213728549142,0,0,0,0,0.579937304075235,0.314102564102564,0.113268608414239,0,0.408427876823339,0,0,0.195348837209302,0.43778801843318,0,0,0.350710900473934,0,0,0.395534290271132,0,0.627692307692308
"27",0.775417298937785,0.186081694402421,0.289348171701113,0.7947932618683,0,0.009375,0.0386398763523957,0,0.40405616224649,0,0.84044233807267,0.00157232704402516,0.241057542768274,0,0,0.0252365930599369,0.015552099533437,0.764984227129338,0.636645962732919,0.810047095761381,0.773082942097027,0.00927357032457496,0,0,0.015748031496063,0.0046875,1,0.0031496062992126,0,0.218320610687023,0.176470588235294,0,0,0,0.183333333333333,0.153963414634146,0,0.172205438066465,0.725239616613419,0.00771604938271605,0,0.283870967741935,0.0188976377952756,0.00940438871473354,0,0.297090352220521,0.0279503105590062,0.0290519877675841,0.868300153139357,0.77947932618683,0,0,0.756211180124224,0.157650695517774,0,0,0.769953051643192,0.214170692431562,0.376395534290271,0,0.384969325153374,0,0.790123456790123,0,0.261609907120743,0.781055900621118,0.769716088328076,0.223765432098765,0,0.0137614678899083
"28",0.0764430577223089,0,0.531810766721044,0.0534351145038168,0.703821656050955,0.00161290322580645,0,0.00955414012738853,0.0381558028616852,0.976816074188563,0.0416666666666667,0,0,0.334928229665072,0.283255086071987,0.879173290937997,0,0.0747217806041336,0.191387559808612,0.0657051282051282,0.0781499202551834,0,0.297939778129952,0.481717011128776,0.0016,0,0.0031496062992126,1,0.0077639751552795,0,0.0321027287319422,0.9184,0.0031104199066874,0.00161812297734628,0,0,0.106180665610143,0,0.036741214057508,0.908082408874802,0.333863275039746,0.559322033898305,0.967948717948718,0,0.962382445141066,0.0341614906832298,0,0.9,0.00315457413249211,0.0639625585023401,0.977917981072555,0.992088607594937,0.0786516853932584,0,0.189189189189189,0.413522012578616,0.0741350906095552,0,0.451876019575856,0.967845659163987,0,0.0868217054263566,0.0654952076677316,0.941080196399345,0,0.0727848101265823,0.0752,0,0.952076677316294,0
"29",0,0.0243161094224924,0,0,0.230283911671924,0.925117004680187,0.688271604938272,0.956318252730109,0.493730407523511,0.0168711656441718,0,0.957746478873239,0,0.606687898089172,0.699376947040498,0,0.478605388272583,0,0,0,0,0.519319938176198,0.690251572327044,0.49375,0.932917316692668,0.5640625,0,0.0077639751552795,1,0.0220125786163522,0.758620689655172,0.073094867807154,0.992378048780488,0.993680884676145,0.0168195718654434,0.0167427701674277,0.885758998435055,0.0185471406491499,0.05229793977813,0,0.630434782608696,0,0.00777604976671851,0.921383647798742,0.0124031007751938,0.597243491577335,0.912908242612753,0,0.0231124807395994,0,0.00768049155145929,0.0123839009287926,0,0.11402157164869,0.769475357710652,0.570522979397781,0,0.00642054574638844,0,0.0198776758409786,0,0.901365705614568,0,0.0250391236306729,0.0015625,0,0,0.00946372239747634,0.0142405063291139,0.943854324734446
"30",0.00306748466257669,0.956856702619414,0,0.00464396284829721,0,0.0686900958466454,0.264890282131661,0.0236593059936909,0.00631911532385466,0,0.0256,0.0657051282051282,0.944267515923567,0,0,0,0.522082018927445,0.00157728706624606,0,0.00477707006369427,0.00158478605388273,0.477379095163807,0,0,0.0725552050473186,0.434920634920635,0.218320610687023,0,0.0220125786163522,1,0.0125,0,0.0371517027863777,0.0414012738853503,0.970948012232416,0.969183359013868,0,0.995334370139969,0.00475435816164818,0,0,0,0,0.0808709175738725,0,0.00783699059561128,0.0741324921135647,0,0.0534591194968553,0.0031104199066874,0,0,0.00158227848101266,0.858267716535433,0,0,0.00159489633173844,0.969305331179321,0,0,0.836477987421384,0,0.00315955766192733,0,0.965244865718799,0.00156985871271586,0.00160771704180064,0.993730407523511,0,0.0615384615384615
"31",0.186440677966102,0.0109546165884194,0.0693069306930693,0.214395099540582,0.189873417721519,0.788888888888889,0.623076923076923,0.806138933764136,0.809076682316119,0.0278207109737249,0.174757281553398,0.75748031496063,0.00963081861958266,0.529042386185243,0.615030674846626,0.0362204724409449,0.320813771517997,0.130708661417323,0.148325358851675,0.152276295133438,0.140350877192982,0.34375,0.601895734597156,0.409582689335394,0.766561514195584,0.403785488958991,0.176470588235294,0.0321027287319422,0.758620689655172,0.0125,1,0.0743034055727554,0.758190327613105,0.744783306581059,0.00609756097560976,0.00462962962962963,0.732704402515723,0.00610687022900763,0.271704180064309,0.0186046511627907,0.56140350877193,0.0714285714285714,0.062992125984252,0.744113029827316,0.0264385692068429,0.874613003095975,0.802232854864434,0.0219435736677116,0.239811912225705,0.157975460122699,0.0292758089368259,0.0269413629160063,0.185826771653543,0.127158555729984,0.659305993690852,0.464114832535885,0.178913738019169,0.00651465798045603,0.119547657512116,0.034375,0.0157232704402516,0.772445820433437,0.165615141955836,0.026984126984127,0.00798722044728434,0.15251572327044,0.144694533762058,0.0046801872074883,0.0292207792207792,0.797191887675507
"32",0.0196969696969697,0,0.404120443740095,0.0120300751879699,0.838607594936709,0.028436018957346,0.00924499229583975,0.0883280757097792,0.0770416024653313,0.932515337423313,0.0078003120124805,0.0332805071315372,0,0.475590551181102,0.410658307210031,0.768273716951788,0,0.0203761755485893,0.0807453416149068,0.0172143974960876,0.0203442879499218,0,0.430124223602484,0.649390243902439,0.0260736196319018,0,0,0.9184,0.073094867807154,0,0.0743034055727554,1,0.0546282245827011,0.0634674922600619,0,0,0.222575516693164,0,0.0205696202531646,0.799377916018662,0.498412698412698,0.427631578947368,0.916666666666667,0.0264797507788162,0.917557251908397,0.0815384615384615,0.0412844036697248,0.7782874617737,0.00154320987654321,0.018348623853211,0.927692307692308,0.939157566302652,0.0220820189274448,0,0.32120253164557,0.5712,0.017515923566879,0,0.352201257861635,0.95,0,0.18693009118541,0.0171606864274571,0.929577464788732,0,0.0154320987654321,0.0223285486443381,0,0.932069510268562,0.0473282442748092
"33",0,0.0360902255639098,0,0,0.216383307573416,0.946708463949843,0.725757575757576,0.953632148377125,0.493023255813954,0.0106060606060606,0,0.974960876369327,0.0015600624024961,0.598461538461538,0.676335877862595,0,0.504702194357367,0,0,0,0,0.546282245827011,0.665144596651446,0.462962962962963,0.950226244343891,0.597826086956522,0,0.0031104199066874,0.992378048780488,0.0371517027863777,0.758190327613105,0.0546282245827011,1,0.998466257668712,0.0315315315315315,0.0330827067669173,0.865648854961832,0.0288315629742033,0.0456692913385827,0,0.615748031496063,0,0,0.945652173913043,0.0105580693815988,0.591867469879518,0.929230769230769,0,0.0284005979073244,0,0.00460829493087558,0.00614439324116743,0,0.128682170542636,0.742990654205608,0.541009463722397,0,0.0204081632653061,0,0.0122511485451761,0,0.884101040118871,0,0.0199692780337942,0.0093603744149766,0,0,0.021505376344086,0.0110410094637224,0.95952023988006
"34",0.00153374233128834,0.0409448818897638,0,0.0015625,0.200956937799043,0.9408,0.718995290423862,0.948717948717949,0.459807073954984,0.0078003120124805,0.00158982511923688,0.971518987341772,0.00160771704180064,0.582664526484751,0.668253968253968,0,0.50801282051282,0.00157728706624606,0,0.00160513643659711,0.00161290322580645,0.551505546751189,0.650238473767886,0.462145110410095,0.944620253164557,0.598715890850722,0,0.00161812297734628,0.993680884676145,0.0414012738853503,0.744783306581059,0.0634674922600619,0.998466257668712,1,0.0328638497652582,0.0358814352574103,0.855325914149444,0.0354938271604938,0.0480769230769231,0,0.601910828025478,0,0.00157728706624606,0.936236391912908,0.00777604976671851,0.566718995290424,0.927215189873418,0,0.0251968503937008,0.00158730158730159,0.00157232704402516,0.00315955766192733,0.00158982511923688,0.134706814580032,0.730392156862745,0.543548387096774,0.00159235668789809,0.0212765957446809,0,0.00946372239747634,0,0.881619937694704,0,0.0207006369426752,0.0094488188976378,0,0,0.0226171243941842,0.00647249190938511,0.961360123647604
"35",0.00148588410104012,0.992412746585736,0,0.00455235204855842,0,0.0501567398119122,0.263237518910741,0.015600624024961,0,0,0.00464396284829721,0.0476923076923077,0.940625,0,0,0,0.524615384615385,0.00311526479750779,0,0.00313479623824451,0.00152905198776758,0.491704374057315,0,0,0.0595419847328244,0.445652173913043,0.183333333333333,0,0.0168195718654434,0.970948012232416,0.00609756097560976,0,0.0315315315315315,0.0328638497652582,1,1,0,0.978593272171254,0.00156985871271586,0,0,0,0,0.0630769230769231,0,0.00303951367781155,0.0576323987538941,0,0.0229357798165138,0.00451127819548872,0,0,0.00307692307692308,0.905487804878049,0,0,0,0.989028213166144,0,0,0.840978593272171,0,0.0015552099533437,0,0.950693374422188,0.00154559505409583,0.003125,0.961360123647604,0,0.0455235204855842
"36",0,0.990950226244344,0,0.0014903129657228,0,0.0585516178736518,0.254931714719272,0.0184331797235023,0.00152905198776758,0,0.00463678516228748,0.0592823712948518,0.931506849315068,0,0,0,0.546282245827011,0.00155763239875389,0,0.00156494522691706,0.00150829562594268,0.504587155963303,0,0,0.0623100303951368,0.445288753799392,0.153963414634146,0,0.0167427701674277,0.969183359013868,0.00462962962962963,0,0.0330827067669173,0.0358814352574103,1,1,0,0.977443609022556,0,0,0,0,0,0.0693374422187981,0,0.00297176820208024,0.0619335347432024,0,0.0228310502283105,0.00151975683890578,0,0,0,0.893939393939394,0,0,0,0.985849056603774,0,0,0.832572298325723,0,0,0,0.941984732824428,0.00153139356814701,0.00153846153846154,0.961597542242704,0,0.0511278195488722
"37",0.00303951367781155,0,0.00323101777059774,0.00151057401812689,0.373040752351097,0.80824088748019,0.565485362095532,0.881789137380192,0.499215070643642,0.147286821705426,0.00159489633173844,0.823809523809524,0,0.746478873239437,0.825347758887172,0.0219435736677116,0.325434439178515,0.00158982511923688,0.00157232704402516,0.00160513643659711,0.00156494522691706,0.363777089783282,0.82398753894081,0.6390625,0.795562599049128,0.40952380952381,0,0.106180665610143,0.885758998435055,0,0.732704402515723,0.222575516693164,0.865648854961832,0.855325914149444,0,0,1,0,0.0545746388443018,0.0315457413249211,0.768987341772152,0.00163398692810458,0.138582677165354,0.769475357710652,0.123456790123457,0.593508500772797,0.77373417721519,0.0217729393468118,0.0061633281972265,0.00154083204930663,0.1375,0.133012820512821,0.00155763239875389,0.0537974683544304,0.865079365079365,0.700159489633174,0.00320512820512821,0,0.00158730158730159,0.160125588697017,0,0.996932515337423,0,0.14218009478673,0,0,0,0,0.1456,0.813374805598756
"38",0.00305343511450382,0.96390977443609,0,0.00148588410104012,0,0.0563380281690141,0.243975903614458,0.0201238390092879,0.00307692307692308,0,0.0125984251968504,0.0515625,0.955766192733017,0,0,0,0.537124802527646,0.00154320987654321,0,0.00308641975308642,0.00154320987654321,0.494573643410853,0,0,0.0569230769230769,0.440124416796268,0.172205438066465,0,0.0185471406491499,0.995334370139969,0.00610687022900763,0,0.0288315629742033,0.0354938271604938,0.978593272171254,0.977443609022556,0,1,0.00316455696202532,0,0,0,0,0.0689655172413793,0,0.00458715596330275,0.0622083981337481,0,0.0384615384615385,0.0015220700152207,0,0,0.00152671755725191,0.840490797546012,0,0,0.0015552099533437,0.968404423380727,0,0,0.834094368340944,0,0.00303030303030303,0,0.970724191063174,0.00154320987654321,0.00155763239875389,0.987635239567233,0,0.0428134556574924
"39",0.938080495356037,0.00156739811912226,0.516233766233766,0.9265625,0.0368589743589744,0.0794165316045381,0.0551181102362205,0.0656,0.539087947882736,0.0157728706624606,0.909531502423263,0.0550161812297735,0.0288,0.0529695024077047,0.0612244897959184,0.134615384615385,0.00958466453674121,0.887122416534181,0.841091492776886,0.913821138211382,0.892282958199357,0.00478468899521531,0.0574162679425837,0.0482115085536547,0.0593900481540931,0.0113085621970921,0.725239616613419,0.036741214057508,0.05229793977813,0.00475435816164818,0.271704180064309,0.0205696202531646,0.0456692913385827,0.0480769230769231,0.00156985871271586,0,0.0545746388443018,0.00316455696202532,1,0.0948553054662379,0.0521327014218009,0.482529118136439,0.0749601275917065,0.0514469453376206,0.0158227848101266,0.445497630331754,0.0913461538461538,0.126582278481013,0.8984375,0.900943396226415,0.0190779014308426,0.0157232704402516,0.907643312101911,0.00628930817610063,0.0635179153094463,0.0405844155844156,0.93485342019544,0.00328407224958949,0.601973684210526,0.012779552715655,0.103011093502377,0.0558139534883721,0.914012738853503,0.0113636363636364,0.0223642172523962,0.89968152866242,0.882544861337684,0.00635930047694754,0.0164744645799012,0.0626959247648903
"40",0.121765601217656,0,0.621359223300971,0.122727272727273,0.663522012578616,0,0,0.0266457680250784,0.0170807453416149,0.880434782608696,0.0873015873015873,0,0.0015625,0.309636650868878,0.202194357366771,0.995260663507109,0,0.127358490566038,0.227707006369427,0.106012658227848,0.128682170542636,0,0.202194357366771,0.403993855606759,0,0,0.00771604938271605,0.908082408874802,0,0,0.0186046511627907,0.799377916018662,0,0,0,0,0.0315457413249211,0,0.0948553054662379,1,0.263239875389408,0.659539473684211,0.846635367762128,0,0.903225806451613,0.0184049079754601,0,0.968895800933126,0.01875,0.107981220657277,0.906298003072197,0.892018779342723,0.144859813084112,0,0.180379746835443,0.332273449920509,0.123809523809524,0,0.527331189710611,0.868544600938967,0.00155038759689922,0.0201550387596899,0.111459968602826,0.891849529780564,0,0.133435582822086,0.136363636363636,0,0.896607431340872,0
