"","V1","V2","V3","V4","V5","V6","V7","V8","V9","V10","V11","V12","V13","V14","V15","V16","V17","V18","V19","V20","V21","V22","V23","V24","V25","V26","V27","V28","V29","V30","V31","V32","V33","V34","V35","V36","V37","V38","V39","V40","V41","V42","V43","V44","V45","V46","V47","V48","V49","V50","V51","V52","V53","V54","V55","V56","V57","V58","V59","V60","V61","V62","V63","V64","V65","V66","V67","V68","V69","V70"
"1",1,0,0.208791208791209,0.444279346210996,0,0.0124223602484472,0.0149925037481259,0,0.43778801843318,0,0.675968992248062,0,0,0,0,0.0075642965204236,0,0.527777777777778,0.605182926829268,0.637614678899083,0.507668711656442,0,0.00305343511450382,0,0,0,0.502276176024279,0.0078003120124805,0,0,0.322033898305085,0.00454545454545455,0,0,0,0,0.00151975683890578,0,0.739938080495356,0,0.00153139356814701,0.176848874598071,0.139784946236559,0,0,0.336906584992343,0.0559006211180124,0.0121212121212121,0.629518072289157,0.681538461538462,0.00150829562594268,0,0.375191424196018,0.00461538461538462,0,0,0.777089783281734,0,0.296124031007752,0,0.0120663650075415,0.00149253731343284,0.850308641975309,0,0,0.624233128834356,0.346875,0,0,0.00451807228915663
"2",0,1,0,0.00449775112443778,0,0.0388802488335925,0.167927382753404,0.0139318885448916,0.0031104199066874,0,0,0.0391849529780564,0.537267080745342,0,0,0,0.415241057542768,0,0,0,0,0.367283950617284,0,0,0.107197549770291,0.363067292644757,0.0393343419062027,0,0.00151975683890578,0.546995377503852,0.00782472613458529,0,0.0075187969924812,0.0078740157480315,0.942336874051593,0.935143288084465,0,0.53984962406015,0,0,0,0,0,0.0856269113149847,0,0.00609756097560976,0.0510046367851623,0,0.00154083204930663,0,0,0,0,0.84779299847793,0,0,0,0.830427892234548,0,0,0.547655068078669,0,0,0,0.507692307692308,0,0,0.493108728943338,0,0.126524390243902
"3",0.208791208791209,0,1,0.0477657935285054,0.00646203554119548,0,0,0.00160513643659711,0.0112540192926045,0.118971061093248,0.0951612903225806,0,0,0.00322061191626409,0,0.651968503937008,0,0.136363636363636,0.441747572815534,0.157723577235772,0.149277688603531,0,0,0,0,0,0.0111287758346582,0.203915171288744,0,0,0.00495049504950495,0.0269413629160063,0,0,0,0,0,0,0.149350649350649,0.593851132686084,0,0.995033112582781,0.082258064516129,0,0.183962264150943,0.00802568218298555,0,0.547923322683706,0.00783699059561128,0.150641025641026,0.200631911532385,0.182829888712242,0.210016155088853,0,0.00322061191626409,0,0.283142389525368,0,0.963333333333333,0.0804416403785489,0,0,0.212121212121212,0.0879478827361563,0,0.146537842190016,0.194805194805195,0,0.120521172638436,0
"4",0.444279346210996,0.00449775112443778,0.0477657935285054,1,0,0.103875968992248,0.271364317841079,0.0154798761609907,0.537519142419602,0,0.470679012345679,0,0.00306748466257669,0.00306278713629403,0.00306748466257669,0.0121580547112462,0,0.510769230769231,0.262917933130699,0.481089258698941,0.501524390243902,0,0,0,0.141984732824427,0,0.584992343032159,0,0,0.00154798761609907,0.52833078101072,0,0,0,0,0.0014903129657228,0,0,0.5265625,0.0181818181818182,0.0138461538461538,0.0476947535771065,0.0852359208523592,0.0200617283950617,0.00151285930408472,0.518628912071535,0.279816513761468,0.0275229357798165,0.596651445966514,0.467065868263473,0,0,0.628048780487805,0.112462006079027,0.00308641975308642,0,0.592879256965944,0,0.103125,0,0.027027027027027,0.00148809523809524,0.367069486404834,0.00153609831029186,0,0.482280431432974,0.581903276131045,0,0,0.170914542728636
"5",0,0,0.00646203554119548,0,1,0.0031055900621118,0,0.781789638932496,0.0508744038155803,0.1484375,0,0.0461049284578696,0,0.939252336448598,0.67817896389325,0.165615141955836,0,0,0,0,0,0,0.661949685534591,0.703937007874016,0.00473186119873817,0,0,0.0843949044585987,0.312302839116719,0,0.0664556962025316,0.318037974683544,0.199381761978362,0.189792663476874,0,0,0.58307210031348,0,0.0400641025641026,0.191823899371069,0.695721077654517,0.0194489465153971,0.183254344391785,0,0.271739130434783,0.04375,0.00314465408805031,0.0283464566929134,0,0,0.07981220657277,0.103668261562998,0,0,0.89047619047619,0.694136291600634,0,0,0.0144,0.172093023255814,0,0.552870090634441,0,0.532905296950241,0,0,0,0,0.293929712460064,0.0473282442748092
"6",0.0124223602484472,0.0388802488335925,0,0.103875968992248,0.0031055900621118,1,0.730529595015576,0.0705329153605016,0.327476038338658,0,0,0.759873617693523,0,0.0241157556270096,0.0853462157809984,0,0.480190174326466,0,0,0,0,0.504731861198738,0.0682539682539682,0.0157977883096366,0.838351822503962,0.509554140127389,0.0046875,0,0.318252730109204,0,0.415873015873016,0,0.478056426332288,0.4592,0,0,0.166402535657686,0,0.194489465153971,0,0.0461049284578696,0,0,0.884194053208138,0,0.419003115264797,0.839370078740157,0,0.170382165605096,0,0,0,0,0.139240506329114,0.0564516129032258,0.0208333333333333,0.0112903225806452,0,0.00161812297734628,0,0,0.167974882260597,0,0,0,0,0,0,0,0.488372093023256
"7",0.0149925037481259,0.167927382753404,0,0.271364317841079,0,0.730529595015576,1,0.0758513931888545,0.422427035330261,0,0.00314465408805031,0.493690851735016,0.0078740157480315,0.0124416796267496,0.0570987654320988,0,0.45565749235474,0.0108864696734059,0,0.00312989045383412,0.00467289719626168,0.448382126348228,0.0247678018575851,0.00604229607250755,0.912576687116564,0.442879499217527,0.0834621329211747,0,0.155864197530864,0.0219435736677116,0.492307692307692,0.00154083204930663,0.272727272727273,0.271585557299843,0.0590015128593041,0.0515933232169954,0.0600924499229584,0.0120481927710843,0.154330708661417,0,0.0441640378548896,0,0,0.754303599374022,0,0.504559270516717,0.804043545878694,0,0.230061349693252,0,0,0,0.0469483568075117,0.357032457496136,0.0170278637770898,0.00467289719626168,0.0474683544303797,0.0401284109149278,0,0,0.00602409638554217,0.0718562874251497,0,0,0.00918836140888208,0.00309119010819165,0.0409448818897638,0.0062402496099844,0,0.703030303030303
"8",0,0.0139318885448916,0.00160513643659711,0.0154798761609907,0.781789638932496,0.0705329153605016,0.0758513931888545,1,0.0862619808306709,0.0078003120124805,0,0.227707006369427,0,0.8816,0.566037735849057,0.136577708006279,0.0943396226415094,0,0,0,0,0.1171875,0.543307086614173,0.517241379310345,0.0885093167701863,0.139498432601881,0,0,0.41185647425897,0,0.151857835218094,0.115141955835962,0.350850077279753,0.320512820512821,0.0015600624024961,0.00307219662058372,0.539936102236422,0,0.0624,0.144200626959248,0.54066985645933,0.00986842105263158,0.0221169036334913,0.0878594249201278,0.122861586314152,0.102803738317757,0.0725552050473186,0,0.0015625,0,0.00153846153846154,0.00158730158730159,0,0.0714285714285714,0.942947702060222,0.540412044374009,0.00161290322580645,0,0.00324149108589951,0.0220820189274448,0,0.542424242424242,0,0.357710651828299,0,0,0,0,0.12741935483871,0.226993865030675
"9",0.43778801843318,0.0031104199066874,0.0112540192926045,0.537519142419602,0.0508744038155803,0.327476038338658,0.422427035330261,0.0862619808306709,1,0,0.248803827751196,0.109350237717908,0,0.0603174603174603,0.151181102362205,0,0.0251968503937008,0.107717041800643,0.0967238689547582,0.167731629392971,0.107142857142857,0.0169753086419753,0.121495327102804,0.101404056162246,0.330708661417323,0.0207667731629393,0.357254290171607,0.00317965023847377,0.0626959247648903,0.00157977883096367,0.940532081377152,0.0539291217257319,0.0573643410852713,0.0498392282958199,0,0.00152905198776758,0.136577708006279,0,0.648208469055375,0,0.14171974522293,0.00658978583196046,0.164319248826291,0.239370078740157,0,0.976851851851852,0.559618441971383,0.0015527950310559,0.664576802507837,0.147744945567652,0.0015527950310559,0,0.172143974960876,0.106583072100313,0.0574534161490683,0.0739549839228296,0.424050632911392,0,0.0920840064620355,0,0,0.133846153846154,0.203497615262321,0.00158227848101266,0,0.141269841269841,0.124203821656051,0,0,0.360501567398119
"10",0,0,0.118971061093248,0,0.1484375,0,0,0.0078003120124805,0,1,0,0,0,0.0998439937597504,0.0944272445820433,0.317073170731707,0,0,0.0438729198184569,0,0,0,0.108864696734059,0.195419847328244,0,0,0,0.938176197836167,0,0,0,0.728527607361963,0,0,0,0,0.0821705426356589,0,0,0.333850931677019,0.13953488372093,0.147435897435897,0.761609907120743,0,0.735963581183611,0,0,0.513056835637481,0,0,0.938931297709924,0.96177370030581,0,0,0.04375,0.154330708661417,0,0,0.0845295055821372,0.989296636085627,0,0.0556390977443609,0,0.621495327102804,0,0,0,0,0.809148264984227,0
"11",0.675968992248062,0,0.0951612903225806,0.470679012345679,0,0,0.00314465408805031,0,0.248803827751196,0,1,0,0.0225806451612903,0,0,0.0016025641025641,0,0.773828756058158,0.565079365079365,0.947452229299363,0.788553259141494,0,0,0,0,0,0.772511848341232,0.0016025641025641,0,0.0016,0.148867313915858,0,0,0,0,0,0,0,0.392568659127625,0,0,0.0725126475548061,0.0173228346456693,0,0,0.168238993710692,0.00794912559618442,0.00159489633173844,0.627760252365931,0.890453834115806,0,0,0.6138147566719,0,0,0,0.507154213036566,0,0.101307189542484,0,0.0783699059561129,0,0.845786963434022,0,0.0094488188976378,0.916271721958926,0.62962962962963,0.0032258064516129,0,0.0015748031496063
"12",0,0.0391849529780564,0,0,0.0461049284578696,0.759873617693523,0.493690851735016,0.227707006369427,0.109350237717908,0,0,1,0,0.0955414012738854,0.120443740095087,0,0.685303514376997,0,0,0,0,0.734597156398104,0.127186009538951,0.0786163522012579,0.67244094488189,0.752442996742671,0,0,0.575899843505477,0,0.184251968503937,0,0.754303599374022,0.729430379746835,0.00153846153846154,0,0.214285714285714,0,0.0307443365695793,0,0.0979462875197472,0,0,0.836734693877551,0,0.156985871271586,0.569400630914827,0,0.0170807453416149,0,0,0,0,0.117924528301887,0.162679425837321,0.0885668276972625,0,0,0,0,0,0.229813664596273,0,0,0,0,0,0,0,0.520249221183801
"13",0,0.537267080745342,0,0.00306748466257669,0,0,0.0078740157480315,0,0,0,0.0225806451612903,0,1,0,0,0,0.0555555555555556,0.0016025641025641,0,0.00810372771474878,0.00160513643659711,0.0515297906602254,0,0,0,0.0470779220779221,0.136858475894246,0,0,0.769108280254777,0,0,0,0,0.621875,0.616438356164384,0,0.76303317535545,0,0,0,0,0,0,0,0,0,0,0.0186335403726708,0.00784929356357928,0,0,0.00158227848101266,0.372611464968153,0,0,0,0.691297208538588,0,0,0.941823899371069,0,0.00161550888529887,0,0.831746031746032,0.0110935023771791,0.00977198697068404,0.8060413354531,0,0
"14",0,0,0.00322061191626409,0.00306278713629403,0.939252336448598,0.0241157556270096,0.0124416796267496,0.8816,0.0603174603174603,0.0998439937597504,0,0.0955414012738854,0,1,0.669767441860465,0.150943396226415,0.0108864696734059,0,0,0,0,0.015552099533437,0.646417445482866,0.635792778649921,0.0248447204968944,0.0255591054313099,0,0.0446570972886762,0.334394904458599,0,0.0957613814756672,0.24251968503937,0.238461538461538,0.218298555377207,0,0,0.580594679186229,0,0.0545746388443018,0.17219589257504,0.652312599681021,0.0146103896103896,0.119426751592357,0.0240384615384615,0.248447204968944,0.0606531881804044,0.0189274447949527,0.00791139240506329,0,0,0.0416666666666667,0.0580847723704867,0,0.0141287284144427,0.970125786163522,0.668253968253968,0.0016025641025641,0,0.00644122383252818,0.129133858267717,0,0.56656346749226,0,0.494417862838915,0,0,0,0,0.263578274760383,0.0773993808049536
"15",0,0,0,0.00306748466257669,0.67817896389325,0.0853462157809984,0.0570987654320988,0.566037735849057,0.151181102362205,0.0944272445820433,0,0.120443740095087,0,0.669767441860465,1,0.00308641975308642,0.00306748466257669,0,0,0,0,0.00309119010819165,0.961715160796325,0.914110429447853,0.104938271604938,0.00314465408805031,0,0.0422535211267606,0.546728971962617,0,0.177914110429448,0.369905956112853,0.39236641221374,0.384126984126984,0,0,0.884080370942813,0,0.0251177394034537,0.00470219435736677,0.963893249607535,0,0.191153238546603,0.0845295055821372,0.0886850152905199,0.173374613003096,0.08125,0,0.00768049155145929,0,0.0368663594470046,0.0522151898734177,0,0.003125,0.638535031847134,0.932283464566929,0.00317460317460317,0,0.00161290322580645,0.131375579598145,0,0.8763197586727,0,0.197204968944099,0,0,0,0,0.0933544303797468,0.210365853658537
"16",0.0075642965204236,0,0.651968503937008,0.0121580547112462,0.165615141955836,0,0,0.136577708006279,0,0.317073170731707,0.0016025641025641,0,0,0.150943396226415,0.00308641975308642,1,0,0.00316455696202532,0.129952456418384,0.0063391442155309,0.00775193798449612,0,0.00156494522691706,0.00772797527047913,0,0,0,0.364069952305246,0,0,0.0031496062992126,0.104199066874028,0,0,0,0,0.00156739811912226,0,0.0144230769230769,0.996840442338073,0.0015552099533437,0.73538961038961,0.170278637770898,0,0.490015360983103,0,0,0.578616352201258,0,0.0046656298600311,0.384251968503937,0.352201257861635,0.0537124802527646,0,0.146496815286624,0.0046801872074883,0.0157232704402516,0,0.566129032258065,0.289099526066351,0,0.00152439024390244,0.00940438871473354,0.451104100946372,0,0.00632911392405063,0.0424528301886792,0,0.429712460063898,0
"17",0,0.415241057542768,0,0,0,0.480190174326466,0.45565749235474,0.0943396226415094,0.0251968503937008,0,0,0.685303514376997,0.0555555555555556,0.0108864696734059,0.00306748466257669,0,1,0,0,0,0,0.97360248447205,0.00788643533123028,0,0.518110236220472,0.968152866242038,0.0031104199066874,0,0.342313787638669,0.123028391167192,0.0594679186228482,0,0.478056426332288,0.496794871794872,0.301538461538462,0.315629742033384,0.018957345971564,0.132701421800948,0,0,0,0,0,0.647527910685805,0,0.0522273425499232,0.381329113924051,0,0.00626959247648903,0,0,0,0,0.459715639810427,0.0190779014308426,0.00157977883096367,0,0.271685761047463,0,0,0.0123647604327666,0.0246913580246914,0,0,0.0753532182103611,0,0,0.108490566037736,0,0.524539877300613
"18",0.527777777777778,0,0.136363636363636,0.510769230769231,0,0,0.0108864696734059,0,0.107717041800643,0,0.773828756058158,0,0.0016025641025641,0,0,0.00316455696202532,0,1,0.692429022082019,0.801587301587302,1,0,0,0,0,0,0.485804416403785,0,0,0,0.0677165354330709,0,0,0,0,0,0,0,0.208267090620032,0.00314465408805031,0,0.0935960591133005,0.016025641025641,0,0,0.0875576036866359,0,0.0391849529780564,0.336477987421384,0.854714064914992,0,0,0.801574803149606,0,0,0,0.423076923076923,0,0.11219512195122,0,0.0500782472613459,0,0.71608832807571,0,0.00156739811912226,0.841121495327103,0.853035143769968,0.00158227848101266,0,0
"19",0.605182926829268,0,0.441747572815534,0.262917933130699,0,0,0,0,0.0967238689547582,0.0438729198184569,0.565079365079365,0,0,0,0,0.129952456418384,0,0.692429022082019,1,0.64937106918239,0.706539074960128,0,0,0,0,0,0.246894409937888,0.121212121212121,0,0,0.062200956937799,0.0232919254658385,0,0,0,0,0,0,0.30016051364366,0.0668789808917197,0,0.355848434925865,0.1088,0,0.0245398773006135,0.0726429675425039,0,0.222222222222222,0.2018779342723,0.697347893915757,0.0727554179566563,0.0911949685534591,0.585516178736518,0,0,0,0.5488,0,0.427884615384615,0.0200617283950617,0.00614439324116743,0,0.770800627943485,0.00156494522691706,0,0.661927330173776,0.57345971563981,0,0.014308426073132,0
"20",0.637614678899083,0,0.157723577235772,0.481089258698941,0,0,0.00312989045383412,0,0.167731629392971,0,0.947452229299363,0,0.00810372771474878,0,0,0.0063391442155309,0,0.801587301587302,0.64937106918239,1,0.82484076433121,0,0,0,0,0,0.67817896389325,0.0016025641025641,0,0,0.0847723704866562,0,0,0,0,0,0,0,0.369105691056911,0,0,0.121262458471761,0.0142405063291139,0,0,0.11214953271028,0.00157232704402516,0.0142857142857143,0.507716049382716,0.923556942277691,0,0,0.708064516129032,0,0,0,0.5952,0,0.1504,0,0.0578125,0,0.852848101265823,0,0.00315955766192733,0.968454258675079,0.721417069243156,0.00157728706624606,0,0
"21",0.507668711656442,0,0.149277688603531,0.501524390243902,0,0,0.00467289719626168,0,0.107142857142857,0,0.788553259141494,0,0.00160513643659711,0,0,0.00775193798449612,0,1,0.706539074960128,0.82484076433121,1,0,0,0,0,0,0.497652582159624,0,0,0,0.0606060606060606,0,0,0,0,0,0,0,0.186495176848875,0.0062015503875969,0,0.115072933549433,0.0174603174603175,0,0,0.0796324655436447,0,0.0467289719626168,0.327102803738318,0.863354037267081,0,0,0.825816485225505,0,0,0,0.447452229299363,0,0.12540192926045,0,0.0462962962962963,0,0.725581395348837,0,0,0.85423197492163,0.858267716535433,0,0,0
"22",0,0.367283950617284,0,0,0,0.504731861198738,0.448382126348228,0.1171875,0.0169753086419753,0,0,0.734597156398104,0.0515297906602254,0.015552099533437,0.00309119010819165,0,0.97360248447205,0,0,0,0,1,0.00938967136150235,0,0.51702786377709,0.998442367601246,0,0,0.361669242658423,0.1201248049922,0.040625,0,0.50834597875569,0.524564183835182,0.279034690799397,0.298165137614679,0.0340557275541796,0.130232558139535,0,0,0,0,0,0.65527950310559,0,0.0321100917431193,0.365506329113924,0,0,0,0,0,0,0.432515337423313,0.0421875,0.0015748031496063,0,0.205128205128205,0,0,0.0107858243451464,0.037821482602118,0,0,0.0660377358490566,0,0,0.0987460815047022,0,0.441860465116279
"23",0.00305343511450382,0,0,0,0.661949685534591,0.0682539682539682,0.0247678018575851,0.543307086614173,0.121495327102804,0.108864696734059,0,0.127186009538951,0,0.646417445482866,0.961715160796325,0.00156494522691706,0.00788643533123028,0,0,0,0,0.00938967136150235,1,0.9453125,0.073208722741433,0.0125786163522013,0,0.0618066561014263,0.559748427672956,0,0.153238546603476,0.409937888198758,0.415525114155251,0.389507154213037,0,0,0.909657320872274,0,0.0223285486443381,0.00470219435736677,0.957680250783699,0,0.238095238095238,0.0576323987538941,0.0770416024653313,0.143962848297214,0.0487421383647799,0.0031055900621118,0,0,0.0589147286821705,0.0707547169811321,0,0.0031201248049922,0.630331753554502,0.943485086342229,0.00318471337579618,0,0.00161550888529887,0.149068322981366,0,0.895545314900154,0,0.165615141955836,0,0,0,0,0.096,0.196319018404908
"24",0,0,0,0,0.703937007874016,0.0157977883096366,0.00604229607250755,0.517241379310345,0.101404056162246,0.195419847328244,0,0.0786163522012579,0,0.635792778649921,0.914110429447853,0.00772797527047913,0,0,0,0,0,0,0.9453125,1,0.0370942812982998,0,0,0.124006359300477,0.509375,0,0.106646058732612,0.509146341463415,0.344135802469136,0.337539432176656,0,0,0.853125,0,0.00622083981337481,0.0122887864823349,0.95260663507109,0.00162337662337662,0.301075268817204,0.0187207488299532,0.114599686028257,0.103658536585366,0.0140405616224649,0.0122511485451761,0,0,0.128440366972477,0.141304347826087,0,0,0.5875,0.965299684542587,0,0,0.00159489633173844,0.226851851851852,0,0.840182648401826,0,0.2125,0,0,0,0,0.141252006420546,0.138931297709924
"25",0,0.107197549770291,0,0.141984732824427,0.00473186119873817,0.838351822503962,0.912576687116564,0.0885093167701863,0.330708661417323,0,0,0.67244094488189,0,0.0248447204968944,0.104938271604938,0,0.518110236220472,0,0,0,0,0.51702786377709,0.073208722741433,0.0370942812982998,1,0.509433962264151,0.015748031496063,0,0.310452418096724,0.00473186119873817,0.399053627760252,0.00153374233128834,0.444947209653092,0.45253164556962,0.00763358778625954,0.00455927051671732,0.141045958795563,0,0.0834670947030498,0,0.0870253164556962,0,0,0.891849529780564,0,0.409436834094368,0.801251956181534,0,0.140432098765432,0,0,0,0.0015552099533437,0.241433021806854,0.03486529318542,0.0390243902439024,0.00319488817891374,0.00495867768595041,0,0,0,0.156441717791411,0,0,0,0,0.00318979266347687,0.00158730158730159,0,0.705521472392638
"26",0,0.363067292644757,0,0,0,0.509554140127389,0.442879499217527,0.139498432601881,0.0207667731629393,0,0,0.752442996742671,0.0470779220779221,0.0255591054313099,0.00314465408805031,0,0.968152866242038,0,0,0,0,0.998442367601246,0.0125786163522013,0,0.509433962264151,1,0,0,0.3640625,0.107936507936508,0.056782334384858,0,0.517080745341615,0.515248796147673,0.271739130434783,0.28419452887538,0.0333333333333333,0.11353032659409,0.00161550888529887,0,0,0,0,0.651273885350318,0,0.0424528301886792,0.37914691943128,0,0,0,0,0,0,0.434169278996865,0.0576923076923077,0,0,0.19935170178282,0,0,0.00775193798449612,0.0445468509984639,0,0,0.0647709320695103,0,0,0.0940988835725678,0,0.44
"27",0.502276176024279,0.0393343419062027,0.0111287758346582,0.584992343032159,0,0.0046875,0.0834621329211747,0,0.357254290171607,0,0.772511848341232,0,0.136858475894246,0,0,0,0.0031104199066874,0.485804416403785,0.246894409937888,0.67817896389325,0.497652582159624,0,0,0,0.015748031496063,0,1,0,0,0.131297709923664,0.275541795665635,0,0,0,0.0439393939393939,0.024390243902439,0,0.06797583081571,0.455271565495208,0,0,0.0129032258064516,0.0031496062992126,0,0,0.289433384379786,0.113354037267081,0,0.718223583460949,0.595712098009188,0,0,0.433229813664596,0.0649149922720247,0,0,0.428794992175274,0.0982286634460548,0.0382775119617225,0,0.21319018404908,0,0.550925925925926,0,0.159442724458204,0.62888198757764,0.44794952681388,0.134259259259259,0,0.0642201834862385
"28",0.0078003120124805,0,0.203915171288744,0,0.0843949044585987,0,0,0,0.00317965023847377,0.938176197836167,0.0016025641025641,0,0,0.0446570972886762,0.0422535211267606,0.364069952305246,0,0,0.121212121212121,0.0016025641025641,0,0,0.0618066561014263,0.124006359300477,0,0,0,1,0,0,0.00160513643659711,0.6896,0,0,0,0,0.0443740095087163,0,0.00319488817891374,0.358161648177496,0.0731319554848967,0.21864406779661,0.754807692307692,0,0.669278996865204,0.0031055900621118,0,0.58125,0,0.0015600624024961,0.95583596214511,0.998417721518987,0.00642054574638844,0,0.0127186009538951,0.0880503144654088,0.00329489291598023,0,0.163132137030995,0.906752411575563,0,0.027906976744186,0.00479233226837061,0.51227495908347,0,0.00158227848101266,0.0032,0,0.750798722044728,0
"29",0,0.00151975683890578,0,0,0.312302839116719,0.318252730109204,0.155864197530864,0.41185647425897,0.0626959247648903,0,0,0.575899843505477,0,0.334394904458599,0.546728971962617,0,0.342313787638669,0,0,0,0,0.361669242658423,0.559748427672956,0.509375,0.310452418096724,0.3640625,0,0,1,0,0.105015673981191,0.0948678071539658,0.903963414634146,0.951026856240126,0,0,0.679186228482003,0,0.00158478605388273,0,0.521739130434783,0,0.0046656298600311,0.40251572327044,0,0.0949464012251149,0.236391912908243,0,0,0,0,0,0,0.0107858243451464,0.379968203497615,0.597464342313788,0,0,0,0.00152905198776758,0,0.719271623672231,0,0.00156494522691706,0,0,0,0,0,0.455235204855842
"30",0,0.546995377503852,0,0.00154798761609907,0,0,0.0219435736677116,0,0.00157977883096367,0,0.0016,0,0.769108280254777,0,0,0,0.123028391167192,0,0,0,0,0.1201248049922,0,0,0.00473186119873817,0.107936507936508,0.131297709923664,0,0,1,0.0015625,0,0,0,0.623853211009174,0.63944530046225,0,0.995334370139969,0,0,0,0,0,0.0031104199066874,0,0.00156739811912226,0.00157728706624606,0,0.00786163522012579,0,0,0,0,0.388976377952756,0,0,0,0.668820678513732,0,0,0.65251572327044,0,0,0,0.981042654028436,0,0,0.990595611285266,0,0.00769230769230769
"31",0.322033898305085,0.00782472613458529,0.00495049504950495,0.52833078101072,0.0664556962025316,0.415873015873016,0.492307692307692,0.151857835218094,0.940532081377152,0,0.148867313915858,0.184251968503937,0,0.0957613814756672,0.177914110429448,0.0031496062992126,0.0594679186228482,0.0677165354330709,0.062200956937799,0.0847723704866562,0.0606060606060606,0.040625,0.153238546603476,0.106646058732612,0.399053627760252,0.056782334384858,0.275541795665635,0.00160513643659711,0.105015673981191,0.0015625,1,0.0448916408668731,0.106084243369735,0.0995184590690209,0,0.00154320987654321,0.179245283018868,0,0.570739549839228,0,0.159489633173844,0.00811688311688312,0.141732283464567,0.299843014128728,0,0.973684210526316,0.652312599681021,0.00313479623824451,0.539184952978056,0.0889570552147239,0,0,0.146456692913386,0.144427001569859,0.105678233438486,0.100478468899522,0.332268370607029,0,0.0904684975767367,0,0,0.181114551083591,0.116719242902208,0.00952380952380952,0,0.080188679245283,0.090032154340836,0,0,0.438377535101404
"32",0.00454545454545455,0,0.0269413629160063,0,0.318037974683544,0,0.00154083204930663,0.115141955835962,0.0539291217257319,0.728527607361963,0,0,0,0.24251968503937,0.369905956112853,0.104199066874028,0,0,0.0232919254658385,0,0,0,0.409937888198758,0.509146341463415,0.00153374233128834,0,0,0.6896,0.0948678071539658,0,0.0448916408668731,1,0.0273141122913505,0.0356037151702786,0,0,0.340222575516693,0,0.00316455696202532,0.104199066874028,0.419047619047619,0.0279605263157895,0.813271604938272,0,0.451908396946565,0.0476923076923077,0,0.275229357798165,0,0,0.676923076923077,0.692667706708268,0,0,0.169303797468354,0.4336,0.00318471337579618,0,0.0314465408805031,0.7609375,0,0.293313069908815,0,0.403755868544601,0,0,0,0,0.582938388625592,0.0274809160305344
"33",0,0.0075187969924812,0,0,0.199381761978362,0.478056426332288,0.272727272727273,0.350850077279753,0.0573643410852713,0,0,0.754303599374022,0,0.238461538461538,0.39236641221374,0,0.478056426332288,0,0,0,0,0.50834597875569,0.415525114155251,0.344135802469136,0.444947209653092,0.517080745341615,0,0,0.903963414634146,0,0.106084243369735,0.0273141122913505,1,0.989263803680982,0,0,0.531297709923664,0,0.0015748031496063,0,0.355905511811024,0,0,0.552795031055901,0,0.0858433734939759,0.332307692307692,0,0,0,0,0,0,0.0232558139534884,0.297507788161994,0.410094637223975,0,0,0,0,0,0.563150074294205,0,0,0,0,0,0,0,0.518740629685157
"34",0,0.0078740157480315,0,0,0.189792663476874,0.4592,0.271585557299843,0.320512820512821,0.0498392282958199,0,0,0.729430379746835,0,0.218298555377207,0.384126984126984,0,0.496794871794872,0,0,0,0,0.524564183835182,0.389507154213037,0.337539432176656,0.45253164556962,0.515248796147673,0,0,0.951026856240126,0,0.0995184590690209,0.0356037151702786,0.989263803680982,1,0,0,0.508744038155803,0,0,0,0.361464968152866,0,0,0.556765163297045,0,0.0863422291993721,0.335443037974684,0,0,0,0,0,0,0.0301109350237718,0.269607843137255,0.420967741935484,0,0,0,0,0,0.557632398753894,0,0,0,0,0,0,0,0.559505409582689
"35",0,0.942336874051593,0,0,0,0,0.0590015128593041,0.0015600624024961,0,0,0,0.00153846153846154,0.621875,0,0,0,0.301538461538462,0,0,0,0,0.279034690799397,0,0,0.00763358778625954,0.271739130434783,0.0439393939393939,0,0,0.623853211009174,0,0,0,0,1,1,0,0.614678899082569,0,0,0,0,0,0.00461538461538462,0,0,0,0,0,0,0,0,0,0.771341463414634,0,0,0,0.929467084639498,0,0,0.649847094801223,0,0,0,0.600924499229584,0,0,0.584234930448223,0,0.0257966616084977
"36",0,0.935143288084465,0,0.0014903129657228,0,0,0.0515933232169954,0.00307219662058372,0.00152905198776758,0,0,0,0.616438356164384,0,0,0,0.315629742033384,0,0,0,0,0.298165137614679,0,0,0.00455927051671732,0.28419452887538,0.024390243902439,0,0,0.63944530046225,0.00154320987654321,0,0,0,1,1,0,0.63609022556391,0,0,0,0,0,0.00308166409861325,0,0.00148588410104012,0.00151057401812689,0,0,0,0,0,0,0.745454545454545,0,0,0,0.927672955974843,0,0,0.628614916286149,0,0,0,0.610687022900763,0,0,0.596006144393241,0,0.0135338345864662
"37",0.00151975683890578,0,0,0,0.58307210031348,0.166402535657686,0.0600924499229584,0.539936102236422,0.136577708006279,0.0821705426356589,0,0.214285714285714,0,0.580594679186229,0.884080370942813,0.00156739811912226,0.018957345971564,0,0,0,0,0.0340557275541796,0.909657320872274,0.853125,0.141045958795563,0.0333333333333333,0,0.0443740095087163,0.679186228482003,0,0.179245283018868,0.340222575516693,0.531297709923664,0.508744038155803,0,0,1,0,0.0160513643659711,0,0.856012658227848,0,0.174803149606299,0.136724960254372,0.0216049382716049,0.163833075734158,0.120253164556962,0,0,0,0.0296875,0.0432692307692308,0,0.00158227848101266,0.598412698412698,0.86762360446571,0,0,0.00158730158730159,0.100470957613815,0,0.996932515337423,0,0.0837282780410742,0,0,0,0,0.0416,0.231726283048211
"38",0,0.53984962406015,0,0,0,0,0.0120481927710843,0,0,0,0,0,0.76303317535545,0,0,0,0.132701421800948,0,0,0,0,0.130232558139535,0,0,0,0.11353032659409,0.06797583081571,0,0,0.995334370139969,0,0,0,0,0.614678899082569,0.63609022556391,0,1,0,0,0,0,0,0,0,0,0,0,0.00307692307692308,0,0,0,0,0.349693251533742,0,0,0,0.635071090047393,0,0,0.628614916286149,0,0,0,0.963020030816641,0,0,0.989180834621329,0,0
"39",0.739938080495356,0,0.149350649350649,0.5265625,0.0400641025641026,0.194489465153971,0.154330708661417,0.0624,0.648208469055375,0,0.392568659127625,0.0307443365695793,0,0.0545746388443018,0.0251177394034537,0.0144230769230769,0,0.208267090620032,0.30016051364366,0.369105691056911,0.186495176848875,0,0.0223285486443381,0.00622083981337481,0.0834670947030498,0.00161550888529887,0.455271565495208,0.00319488817891374,0.00158478605388273,0,0.570739549839228,0.00316455696202532,0.0015748031496063,0,0,0,0.0160513643659711,0,1,0.00321543408360129,0.0157977883096366,0.13477537437604,0.12280701754386,0.045016077170418,0,0.571879936808847,0.296474358974359,0.0174050632911392,0.7703125,0.333333333333333,0.00158982511923688,0,0.203821656050955,0.0424528301886792,0.0651465798045603,0.00649350649350649,0.682410423452769,0,0.254934210526316,0,0.00316957210776545,0.013953488372093,0.482484076433121,0.00811688311688312,0,0.292993630573248,0.153344208809135,0,0,0.0846394984326019
"40",0,0,0.593851132686084,0.0181818181818182,0.191823899371069,0,0,0.144200626959248,0,0.333850931677019,0,0,0,0.17219589257504,0.00470219435736677,0.996840442338073,0,0.00314465408805031,0.0668789808917197,0,0.0062015503875969,0,0.00470219435736677,0.0122887864823349,0,0,0,0.358161648177496,0,0,0,0.104199066874028,0,0,0,0,0,0,0.00321543408360129,1,0.00778816199376947,0.680921052631579,0.173708920187793,0,0.571428571428571,0,0,0.623639191290824,0,0,0.394777265745008,0.353677621283255,0.0638629283489097,0,0.164556962025316,0.0127186009538951,0.0222222222222222,0,0.511254019292605,0.314553990610329,0,0,0,0.506269592476489,0,0.00153374233128834,0.0532915360501567,0,0.497576736672052,0
"41",0.00153139356814701,0,0,0.0138461538461538,0.695721077654517,0.0461049284578696,0.0441640378548896,0.54066985645933,0.14171974522293,0.13953488372093,0,0.0979462875197472,0,0.652312599681021,0.963893249607535,0.0015552099533437,0,0,0,0,0,0,0.957680250783699,0.95260663507109,0.0870253164556962,0,0,0.0731319554848967,0.521739130434783,0,0.159489633173844,0.419047619047619,0.355905511811024,0.361464968152866,0,0,0.856012658227848,0,0.0157977883096366,0.00778816199376947,1,0,0.237341772151899,0.0488958990536278,0.113846153846154,0.154083204930663,0.0537124802527646,0.00467289719626168,0.00152671755725191,0,0.0654205607476635,0.0803149606299213,0.00792393026941363,0.00315955766192733,0.60596546310832,0.9568,0.00958466453674121,0,0,0.167987321711569,0,0.837423312883436,0,0.216905901116427,0,0,0.00644122383252818,0,0.105769230769231,0.205287713841369
"42",0.176848874598071,0,0.995033112582781,0.0476947535771065,0.0194489465153971,0,0,0.00986842105263158,0.00658978583196046,0.147435897435897,0.0725126475548061,0,0,0.0146103896103896,0,0.73538961038961,0,0.0935960591133005,0.355848434925865,0.121262458471761,0.115072933549433,0,0,0.00162337662337662,0,0,0.0129032258064516,0.21864406779661,0,0,0.00811688311688312,0.0279605263157895,0,0,0,0,0,0,0.13477537437604,0.680921052631579,0,1,0.0840197693574959,0,0.240770465489567,0.00802568218298555,0,0.572357723577236,0.0065252854812398,0.11219512195122,0.22061191626409,0.202283849918434,0.169129720853859,0,0.0148514851485149,0.00167224080267559,0.239202657807309,0,0.910774410774411,0.111111111111111,0,0,0.172131147540984,0.123762376237624,0,0.116013071895425,0.146422628951747,0,0.145484949832776,0
"43",0.139784946236559,0,0.082258064516129,0.0852359208523592,0.183254344391785,0,0,0.0221169036334913,0.164319248826291,0.761609907120743,0.0173228346456693,0,0,0.119426751592357,0.191153238546603,0.170278637770898,0,0.016025641025641,0.1088,0.0142405063291139,0.0174603174603175,0,0.238095238095238,0.301075268817204,0,0,0.0031496062992126,0.754807692307692,0.0046656298600311,0,0.141732283464567,0.813271604938272,0,0,0,0,0.174803149606299,0,0.12280701754386,0.173708920187793,0.237341772151899,0.0840197693574959,1,0,0.501567398119122,0.131498470948012,0.00471698113207547,0.316118935837246,0.0509259259259259,0.0233281493001555,0.72,0.717829457364341,0.0406885758998435,0,0.0540540540540541,0.225806451612903,0.145833333333333,0,0.130225080385852,0.780907668231612,0,0.125960061443932,0.0604133545310016,0.426731078904992,0,0.00475435816164818,0.0287081339712919,0,0.613526570048309,0.00613496932515337
"44",0,0.0856269113149847,0,0.0200617283950617,0,0.884194053208138,0.754303599374022,0.0878594249201278,0.239370078740157,0,0,0.836734693877551,0,0.0240384615384615,0.0845295055821372,0,0.647527910685805,0,0,0,0,0.65527950310559,0.0576323987538941,0.0187207488299532,0.891849529780564,0.651273885350318,0,0,0.40251572327044,0.0031104199066874,0.299843014128728,0,0.552795031055901,0.556765163297045,0.00461538461538462,0.00308166409861325,0.136724960254372,0,0.045016077170418,0,0.0488958990536278,0,0,1,0,0.315132605304212,0.7568,0,0.0822981366459627,0,0,0,0,0.172897196261682,0.0369181380417336,0.0284810126582278,0,0.00485436893203883,0,0,0,0.143079315707621,0,0,0,0,0,0.00159489633173844,0,0.609984399375975
"45",0,0,0.183962264150943,0.00151285930408472,0.271739130434783,0,0,0.122861586314152,0,0.735963581183611,0,0,0,0.248447204968944,0.0886850152905199,0.490015360983103,0,0,0.0245398773006135,0,0,0,0.0770416024653313,0.114599686028257,0,0,0,0.669278996865204,0,0,0,0.451908396946565,0,0,0,0,0.0216049382716049,0,0,0.571428571428571,0.113846153846154,0.240770465489567,0.501567398119122,0,1,0.00153846153846154,0,0.667697063369397,0,0,0.724191063174114,0.721183800623053,0.0259146341463415,0,0.163265306122449,0.125588697017268,0.00952380952380952,0,0.180665610142631,0.739197530864197,0,0.0150829562594268,0,0.814814814814815,0,0,0.0219435736677116,0,0.891167192429022,0
"46",0.336906584992343,0.00609756097560976,0.00802568218298555,0.518628912071535,0.04375,0.419003115264797,0.504559270516717,0.102803738317757,0.976851851851852,0,0.168238993710692,0.156985871271586,0,0.0606531881804044,0.173374613003096,0,0.0522273425499232,0.0875576036866359,0.0726429675425039,0.11214953271028,0.0796324655436447,0.0321100917431193,0.143962848297214,0.103658536585366,0.409436834094368,0.0424528301886792,0.289433384379786,0.0031055900621118,0.0949464012251149,0.00156739811912226,0.973684210526316,0.0476923076923077,0.0858433734939759,0.0863422291993721,0,0.00148588410104012,0.163833075734158,0,0.571879936808847,0,0.154083204930663,0.00802568218298555,0.131498470948012,0.315132605304212,0.00153846153846154,1,0.658499234303216,0.00305810397553517,0.58599695585997,0.116030534351145,0.00153139356814701,0.0015527950310559,0.154198473282443,0.122511485451761,0.0653188180404355,0.0886075949367089,0.357927786499215,0,0.0932069510268562,0.00153846153846154,0,0.164652567975831,0.145038167938931,0.00156985871271586,0,0.115030674846626,0.102040816326531,0,0,0.437025796661609
"47",0.0559006211180124,0.0510046367851623,0,0.279816513761468,0.00314465408805031,0.839370078740157,0.804043545878694,0.0725552050473186,0.559618441971383,0,0.00794912559618442,0.569400630914827,0,0.0189274447949527,0.08125,0,0.381329113924051,0,0,0.00157232704402516,0,0.365506329113924,0.0487421383647799,0.0140405616224649,0.801251956181534,0.37914691943128,0.113354037267081,0,0.236391912908243,0.00157728706624606,0.652312599681021,0,0.332307692307692,0.335443037974684,0,0.00151057401812689,0.120253164556962,0,0.296474358974359,0,0.0537124802527646,0,0.00471698113207547,0.7568,0,0.658499234303216,1,0,0.334370139968896,0.00154320987654321,0,0,0.00160771704180064,0.204334365325077,0.0318979266347687,0.0205696202531646,0.0533117932148627,0,0.0144694533762058,0,0,0.118380062305296,0.00157728706624606,0,0,0.0015527950310559,0.00159235668789809,0,0,0.630265210608424
"48",0.0121212121212121,0,0.547923322683706,0.0275229357798165,0.0283464566929134,0,0,0,0.0015527950310559,0.513056835637481,0.00159489633173844,0,0,0.00791139240506329,0,0.578616352201258,0,0.0391849529780564,0.222222222222222,0.0142857142857143,0.0467289719626168,0,0.0031055900621118,0.0122511485451761,0,0,0,0.58125,0,0,0.00313479623824451,0.275229357798165,0,0,0,0,0,0,0.0174050632911392,0.623639191290824,0.00467289719626168,0.572357723577236,0.316118935837246,0,0.667697063369397,0.00305810397553517,0,1,0,0.00930232558139535,0.599690880989181,0.593167701863354,0.1671875,0,0.00470219435736677,0.00783699059561128,0.1256038647343,0,0.498402555910543,0.504643962848297,0,0,0.00793650793650794,0.433489827856025,0,0.010989010989011,0.162246489859594,0,0.53015873015873,0
"49",0.629518072289157,0.00154083204930663,0.00783699059561128,0.596651445966514,0,0.170382165605096,0.230061349693252,0.0015625,0.664576802507837,0,0.627760252365931,0.0170807453416149,0.0186335403726708,0,0.00768049155145929,0,0.00626959247648903,0.336477987421384,0.2018779342723,0.507716049382716,0.327102803738318,0,0,0,0.140432098765432,0,0.718223583460949,0,0,0.00786163522012579,0.539184952978056,0,0,0,0,0,0,0.00307692307692308,0.7703125,0,0.00152671755725191,0.0065252854812398,0.0509259259259259,0.0822981366459627,0,0.58599695585997,0.334370139968896,0,1,0.470588235294118,0,0,0.272307692307692,0.0479134466769706,0,0,0.497622820919176,0.00160771704180064,0.0689102564102564,0,0.0349544072948328,0,0.512307692307692,0,0.0124610591900312,0.452566096423017,0.272012578616352,0.0078003120124805,0,0.168453292496172
"50",0.681538461538462,0,0.150641025641026,0.467065868263473,0,0,0,0,0.147744945567652,0,0.890453834115806,0,0.00784929356357928,0,0,0.0046656298600311,0,0.854714064914992,0.697347893915757,0.923556942277691,0.863354037267081,0,0,0,0,0,0.595712098009188,0.0015600624024961,0,0,0.0889570552147239,0,0,0,0,0,0,0,0.333333333333333,0,0,0.11219512195122,0.0233281493001555,0,0,0.116030534351145,0.00154320987654321,0.00930232558139535,0.470588235294118,1,0,0,0.649452269170579,0,0,0,0.528391167192429,0,0.151273885350318,0,0.0641221374045802,0,0.894736842105263,0,0.0015552099533437,0.967741935483871,0.692546583850932,0.00154320987654321,0,0
"51",0.00150829562594268,0,0.200631911532385,0,0.07981220657277,0,0,0.00153846153846154,0.0015527950310559,0.938931297709924,0,0,0,0.0416666666666667,0.0368663594470046,0.384251968503937,0,0,0.0727554179566563,0,0,0,0.0589147286821705,0.128440366972477,0,0,0,0.95583596214511,0,0,0,0.676923076923077,0,0,0,0,0.0296875,0,0.00158982511923688,0.394777265745008,0.0654205607476635,0.22061191626409,0.72,0,0.724191063174114,0.00153139356814701,0,0.599690880989181,0,0,1,0.97984496124031,0,0,0.00786163522012579,0.0875,0,0,0.1488,0.914196567862715,0,0.0179372197309417,0,0.55188679245283,0,0,0,0,0.783018867924528,0
"52",0,0,0.182829888712242,0,0.103668261562998,0,0,0.00158730158730159,0,0.96177370030581,0,0,0,0.0580847723704867,0.0522151898734177,0.352201257861635,0,0,0.0911949685534591,0,0,0,0.0707547169811321,0.141304347826087,0,0,0,0.998417721518987,0,0,0,0.692667706708268,0,0,0,0,0.0432692307692308,0,0,0.353677621283255,0.0803149606299213,0.202283849918434,0.717829457364341,0,0.721183800623053,0.0015527950310559,0,0.593167701863354,0,0,0.97984496124031,1,0.00157728706624606,0,0.0191082802547771,0.0937996820349762,0,0,0.134615384615385,0.932707355242567,0,0.0276073619631902,0,0.5696,0,0,0,0,0.784,0
"53",0.375191424196018,0,0.210016155088853,0.628048780487805,0,0,0.0469483568075117,0,0.172143974960876,0,0.6138147566719,0,0.00158227848101266,0,0,0.0537124802527646,0,0.801574803149606,0.585516178736518,0.708064516129032,0.825816485225505,0,0,0,0.0015552099533437,0,0.433229813664596,0.00642054574638844,0,0,0.146456692913386,0,0,0,0,0,0,0,0.203821656050955,0.0638629283489097,0.00792393026941363,0.169129720853859,0.0406885758998435,0,0.0259146341463415,0.154198473282443,0.00160771704180064,0.1671875,0.272307692307692,0.649452269170579,0,0.00157728706624606,1,0.0200617283950617,0,0,0.605475040257649,0,0.216346153846154,0,0.0294117647058824,0,0.518053375196232,0.0031496062992126,0,0.690031152647975,0.987281399046105,0,0.00324675324675325,0.0199081163859112
