"","V1","V2","V3","V4","V5","V6","V7","V8","V9","V10","V11","V12","V13","V14","V15","V16","V17","V18","V19","V20","V21","V22","V23","V24","V25","V26","V27","V28","V29","V30","V31","V32","V33","V34","V35","V36","V37","V38","V39","V40","V41","V42","V43","V44","V45","V46","V47","V48","V49","V50","V51","V52","V53","V54","V55","V56","V57","V58","V59","V60","V61","V62","V63","V64","V65","V66","V67","V68","V69","V70"
"1",1,0.0331825037707391,0.897959183673469,0.965824665676077,0.0719754977029096,0.0139751552795031,0.0434782608695652,0.0107858243451464,0.362519201228879,0.465256797583082,0.888372093023256,0.00612557427258806,0.203363914373089,0.0248447204968944,0.0228310502283105,0.720121028744327,0,0.981481481481482,0.926829268292683,0.957186544342508,0.986196319018405,0,0.0305343511450382,0.024132730015083,0.0107858243451464,0,0.446130500758725,0.58814352574103,0.0107197549770291,0.049079754601227,0.281972265023112,0.292424242424242,0.0102941176470588,0.0122699386503067,0.0430906389301634,0.0411585365853659,0.0121580547112462,0.0351145038167939,0.770897832817337,0.700152207001522,0.0290964777947933,0.893890675241158,0.582181259600614,0.00924499229583975,0.472012102874433,0.33843797856049,0.015527950310559,0.725757575757576,0.454819277108434,0.950769230769231,0.526395173453997,0.488584474885845,0.983154670750383,0.0338461538461538,0.0138888888888889,0.0202808112324493,0.990712074303406,0.0586370839936609,0.89922480620155,0.450617283950617,0.355957767722474,0.0149253731343284,0.99537037037037,0.400616332819723,0.12,0.95398773006135,0.9796875,0.0582822085889571,0.445482866043614,0.0135542168674699
"2",0.0331825037707391,1,0,0.0644677661169415,0,0.430793157076205,0.763993948562784,0.142414860681115,0.0171073094867807,0,0.136294027565084,0.448275862068966,0.838509316770186,0.0031055900621118,0.00306748466257669,0,0.84447900466563,0.0506912442396313,0,0.0699844479004666,0.0463678516228748,0.768518518518518,0.00462249614791988,0,0.422664624808576,0.74491392801252,0.576399394856278,0,0.167173252279635,0.996918335901387,0.0391236306729265,0,0.239097744360902,0.25511811023622,0.995447647951442,1,0.0202808112324493,0.996992481203008,0.0360501567398119,0,0.00308641975308642,0,0,0.458715596330275,0,0.0228658536585366,0.457496136012365,0,0.517719568567026,0.0738461538461539,0,0,0.0245398773006135,0.995433789954338,0.0123839009287926,0,0.0249221183800623,0.985736925515055,0,0,0.671709531013616,0.0240963855421687,0.0401854714064915,0,0.912307692307692,0.0660522273425499,0.0514820592823713,0.970903522205207,0,0.414634146341463
"3",0.897959183673469,0,1,0.85824345146379,0.166397415185784,0.00321027287319422,0.00154798761609907,0.00963081861958266,0.273311897106109,0.57395498392283,0.77741935483871,0,0.108374384236453,0.0628019323671498,0.0638977635782748,0.859842519685039,0,0.87987012987013,0.983818770226537,0.855284552845528,0.876404494382023,0,0.0756843800322061,0.0950871632329636,0.00160771704180064,0,0.324324324324324,0.701468189233279,0,0,0.217821782178218,0.389857369255151,0,0,0,0,0.0339256865912763,0,0.663961038961039,0.830097087378641,0.0817307692307692,0.998344370860927,0.691935483870968,0.0016,0.581761006289308,0.261637239165329,0,0.857827476038339,0.324451410658307,0.83974358974359,0.635071090047393,0.610492845786963,0.924071082390953,0,0.0563607085346216,0.0829268292682927,0.911620294599018,0,0.996666666666667,0.563091482649842,0.248025276461295,0.0358255451713396,0.886762360446571,0.506514657980456,0.0335463258785942,0.845410628019324,0.875,0.00161290322580645,0.566775244299674,0
"4",0.965824665676077,0.0644677661169415,0.85824345146379,1,0.0428790199081164,0.013953488372093,0.0629685157421289,0.00619195046439629,0.346094946401225,0.43928035982009,0.936728395061728,0.00614439324116743,0.242331288343558,0.0122511485451761,0.0122699386503067,0.697568389057751,0,0.981538461538462,0.893617021276596,0.995461422087746,0.989329268292683,0,0.0152905198776758,0.00754147812971342,0.0106870229007634,0,0.505359877488515,0.549618320610687,0.00755287009063444,0.0743034055727554,0.277182235834609,0.245112781954887,0.00898203592814371,0.0109375,0.078907435508346,0.0611028315946349,0.00604229607250755,0.0579494799405646,0.75625,0.665151515151515,0.0138461538461538,0.866454689984102,0.550989345509893,0.00771604938271605,0.444780635400908,0.324888226527571,0.0137614678899083,0.68960244648318,0.506849315068493,0.994011976047904,0.49251497005988,0.450532724505327,0.94969512195122,0.0683890577507599,0.00462962962962963,0.00769230769230769,0.958204334365325,0.0862068965517241,0.85625,0.416282642089094,0.397897897897898,0.00595238095238095,0.978851963746224,0.373271889400922,0.158461538461538,0.99537750385208,0.981279251170047,0.0906298003072197,0.423676012461059,0.0119940029985007
"5",0.0719754977029096,0,0.166397415185784,0.0428790199081164,1,0.453416149068323,0.162754303599374,0.755102040816326,0.593004769475358,0.596875,0.0111642743221691,0.448330683624801,0,0.920560747663551,0.929356357927786,0.331230283911672,0.0736677115987461,0.0423861852433281,0.130094043887147,0.0352564102564103,0.0470957613814757,0.124223602484472,0.916666666666667,0.962204724409449,0.468454258675079,0.165094339622642,0,0.469745222929936,0.727129337539432,0,0.631329113924051,0.791139240506329,0.649149922720247,0.628389154704944,0,0,0.874608150470219,0,0.282051282051282,0.356918238993711,0.928684627575277,0.166936790923825,0.481832543443918,0.430842607313196,0.579192546583851,0.596875,0.435534591194969,0.322834645669291,0.0559875583203732,0.0278207109737249,0.5320813771518,0.577352472089314,0.0679304897314376,0.003125,0.887301587301587,0.936608557844691,0.0755905511811024,0,0.1744,0.606201550387597,0,0.876132930513595,0.04858934169279,0.656500802568218,0,0.0283464566929134,0.0414012738853503,0,0.605431309904153,0.479389312977099
"6",0.0139751552795031,0.430793157076205,0.00321027287319422,0.013953488372093,0.453416149068323,1,0.702492211838006,0.731974921630094,0.559105431309904,0.0345911949685535,0.0145395799676898,0.995260663507109,0.24232633279483,0.556270096463023,0.570048309178744,0,0.622820919175911,0.014218009478673,0.00642054574638844,0.0113821138211382,0.0112179487179487,0.700315457413249,0.563492063492063,0.505529225908373,0.996830427892235,0.732484076433121,0.0625,0.00645161290322581,0.750390015600624,0.404153354632588,0.598412698412698,0.202211690363349,0.836990595611285,0.8448,0.415360501567398,0.425269645608629,0.606973058637084,0.419405320813772,0.277147487844408,0,0.546899841017488,0,0.0111821086261981,0.989045383411581,0.0377358490566038,0.574766355140187,0.990551181102362,0,0.148089171974522,0.0172955974842767,0.0124031007751938,0.0319488817891374,0.0130081300813008,0.436708860759494,0.593548387096774,0.538461538461538,0.0129032258064516,0.390879478827362,0.00647249190938511,0.0438871473354232,0.07981220657277,0.607535321821036,0.0141732283464567,0.0956937799043062,0.31637519872814,0.0176,0.0143312101910828,0.37914691943128,0.029126213592233,0.956589147286822
"7",0.0434782608695652,0.763993948562784,0.00154798761609907,0.0629685157421289,0.162754303599374,0.702492211838006,1,0.404024767801858,0.262672811059908,0.00302571860816944,0.0864779874213836,0.705047318611987,0.560629921259843,0.237947122861586,0.231481481481481,0,0.836391437308868,0.0513219284603421,0.0031201248049922,0.0563380281690141,0.0514018691588785,0.835130970724191,0.230650154798762,0.200906344410876,0.723926380368098,0.84037558685446,0.367851622874807,0,0.424382716049383,0.736677115987461,0.292307692307692,0.0446841294298921,0.503030303030303,0.525902668759812,0.732223903177005,0.734446130500759,0.272727272727273,0.734939759036145,0.137007874015748,0,0.247634069400631,0,0.0015625,0.740219092331768,0.00458715596330275,0.281155015197568,0.715396578538103,0,0.417177914110429,0.0665658093797277,0.00154320987654321,0.00309119010819165,0.0328638497652582,0.783616692426584,0.241486068111455,0.214953271028037,0.0395569620253165,0.719101123595506,0.00319488817891374,0.00309119010819165,0.400602409638554,0.273952095808383,0.0416666666666667,0.00938967136150235,0.627871362940276,0.0664605873261206,0.0566929133858268,0.670826833073323,0.00316455696202532,0.689393939393939
"8",0.0107858243451464,0.142414860681115,0.00963081861958266,0.00619195046439629,0.755102040816326,0.731974921630094,0.404024767801858,1,0.678913738019169,0.308892355694228,0.00801282051282051,0.740445859872611,0.0160513643659711,0.8736,0.855345911949686,0.0926216640502355,0.334905660377358,0.00636942675159236,0.00158227848101266,0.00947867298578199,0.00791139240506329,0.4078125,0.862992125984252,0.811912225705329,0.746894409937888,0.443573667711599,0.00782472613458529,0.192675159235669,0.973478939157566,0.130914826498423,0.762520193861066,0.49211356466877,0.913446676970634,0.908653846153846,0.129485179407176,0.133640552995392,0.89297124600639,0.114551083591331,0.2704,0.105015673981191,0.840510366826156,0.0115131578947368,0.208530805687204,0.702875399361022,0.307931570762053,0.705607476635514,0.712933753943218,0.082018927444795,0.075,0.00934579439252336,0.263076923076923,0.285714285714286,0.00476190476190476,0.170807453416149,0.893819334389857,0.839936608557845,0.00806451612903226,0.109854604200323,0.0162074554294976,0.329652996845426,0,0.896969696969697,0.00793650793650794,0.39268680445151,0.0402476780185759,0.00952380952380952,0.00631911532385466,0.0796178343949045,0.32258064516129,0.75
"9",0.362519201228879,0.0171073094867807,0.273311897106109,0.346094946401225,0.593004769475358,0.559105431309904,0.262672811059908,0.678913738019169,1,0.188767550702028,0.338118022328549,0.540412044374009,0.1152,0.682539682539683,0.681889763779528,0.17192429022082,0.173228346456693,0.311897106109325,0.316692667706708,0.324281150159744,0.319875776397516,0.239197530864198,0.677570093457944,0.630265210608424,0.563779527559055,0.26517571884984,0.268330733229329,0.211446740858506,0.666144200626959,0.0157977883096366,0.957746478873239,0.37442218798151,0.64031007751938,0.635048231511254,0.0031104199066874,0.0107033639143731,0.687598116169545,0.00923076923076923,0.623778501628665,0.152173913043478,0.700636942675159,0.276771004942339,0.231611893583725,0.530708661417323,0.193447737909516,0.992283950617284,0.538950715421304,0.18167701863354,0.357366771159875,0.320373250388802,0.187888198757764,0.159055118110236,0.336463223787167,0.0344827586206897,0.694099378881988,0.65112540192926,0.349683544303797,0.0112359550561798,0.310177705977383,0.20625,0.193447737909516,0.687692307692308,0.344992050874404,0.243670886075949,0.0619047619047619,0.320634920634921,0.328025477707006,0.0158227848101266,0.182113821138211,0.565830721003135
"10",0.465256797583082,0,0.57395498392283,0.43928035982009,0.596875,0.0345911949685535,0.00302571860816944,0.308892355694228,0.188767550702028,1,0.337480559875583,0.0293663060278207,0,0.480499219968799,0.486068111455108,0.753048780487805,0,0.458204334365325,0.550680786686838,0.426332288401254,0.453292496171516,0,0.489891135303266,0.538931297709924,0.0490045941807044,0,0.0076103500761035,0.901081916537867,0.276073619631902,0,0.21483771251932,0.834355828220859,0.210606060606061,0.196567862714509,0,0,0.448062015503876,0,0.228706624605678,0.798136645962733,0.496124031007752,0.588141025641026,0.917956656346749,0.020440251572327,1,0.197549770290965,0.0248833592534992,0.748079877112135,0.0137825421133231,0.41131498470948,0.974045801526718,0.998470948012232,0.484567901234568,0,0.4640625,0.497637795275591,0.489698890649762,0,0.583732057416268,0.996941896024465,0.00150829562594268,0.431578947368421,0.440993788819876,0.942367601246106,0,0.422360248447205,0.444272445820433,0,1,0.0564885496183206
"11",0.888372093023256,0.136294027565084,0.77741935483871,0.936728395061728,0.0111642743221691,0.0145395799676898,0.0864779874213836,0.00801282051282051,0.338118022328549,0.337480559875583,1,0.00645161290322581,0.340322580645161,0.00476947535771065,0.00479233226837061,0.604166666666667,0.010989010989011,0.915993537964459,0.80952380952381,0.945859872611465,0.92368839427663,0.00155038759689922,0.00792393026941363,0.00157728706624606,0.0112359550561798,0,0.619273301737757,0.448717948717949,0.00956937799043062,0.1488,0.262135922330097,0.160686427457098,0.0108695652173913,0.0127186009538951,0.136222910216718,0.131375579598145,0.00637958532695375,0.12755905511811,0.709208400646204,0.565079365079365,0.00628930817610063,0.782462057335582,0.434645669291339,0.0111111111111111,0.351477449455676,0.327044025157233,0.014308426073132,0.583732057416268,0.61198738170347,0.957746478873239,0.382677165354331,0.358609794628752,0.882260596546311,0.135860979462875,0.00158227848101266,0.00161550888529887,0.885532591414944,0.146381578947368,0.764705882352941,0.313001605136437,0.515673981191223,0.00778816199376947,0.926868044515103,0.280645161290323,0.251968503937008,0.949447077409163,0.925925925925926,0.175806451612903,0.330065359477124,0.0141732283464567
"12",0.00612557427258806,0.448275862068966,0,0.00614439324116743,0.448330683624801,0.995260663507109,0.705047318611987,0.740445859872611,0.540412044374009,0.0293663060278207,0.00645161290322581,1,0.233704292527822,0.562101910828026,0.559429477020602,0,0.646964856230032,0.00318471337579618,0,0.00635930047694754,0.00479233226837061,0.740916271721959,0.556438791732909,0.511006289308176,0.992125984251969,0.760586319218241,0.0440251572327044,0.00316957210776545,0.76056338028169,0.419871794871795,0.588976377952756,0.196513470681458,0.848200312989045,0.85126582278481,0.42,0.435257410296412,0.601587301587302,0.425,0.260517799352751,0,0.548183254344392,0,0.0126182965299685,0.989010989010989,0.0423861852433281,0.562009419152276,0.985804416403785,0,0.12888198757764,0.00626959247648903,0.0122699386503067,0.026984126984127,0.00317460317460317,0.449685534591195,0.588516746411483,0.542673107890499,0.00484652665589661,0.393739703459638,0,0.0442338072669826,0.0716510903426791,0.604037267080745,0.00476190476190476,0.0920634920634921,0.321027287319422,0.0063391442155309,0.00486223662884927,0.37459807073955,0.0345394736842105,0.957943925233645
"13",0.203363914373089,0.838509316770186,0.108374384236453,0.242331288343558,0,0.24232633279483,0.560629921259843,0.0160513643659711,0.1152,0,0.340322580645161,0.233704292527822,1,0,0,0.0159744408945687,0.644444444444444,0.21474358974359,0.130573248407643,0.246353322528363,0.215088282504013,0.55877616747182,0,0,0.229067930489731,0.529220779220779,0.769828926905132,0,0.0063391442155309,0.847133757961783,0.0850722311396469,0,0.0608424336973479,0.0627009646302251,0.853125,0.846270928462709,0,0.851500789889415,0.1888,0.0046875,0,0.113486842105263,0,0.262479871175523,0,0.102040816326531,0.261904761904762,0,0.714285714285714,0.254317111459969,0,0,0.170886075949367,0.810509554140127,0,0,0.168810289389068,0.866995073891626,0.106035889070147,0,0.877358490566038,0,0.219709208400646,0,0.957142857142857,0.247226624405705,0.236156351791531,0.895071542130366,0,0.227202472952087
"14",0.0248447204968944,0.0031055900621118,0.0628019323671498,0.0122511485451761,0.920560747663551,0.556270096463023,0.237947122861586,0.8736,0.682539682539683,0.480499219968799,0.00476947535771065,0.562101910828026,0,1,0.992248062015504,0.215408805031447,0.16796267496112,0.0111464968152866,0.0409448818897638,0.0111111111111111,0.00789889415481832,0.241057542768274,0.989096573208723,0.982731554160126,0.576086956521739,0.269968051118211,0.00157728706624606,0.358851674641148,0.845541401273885,0.0015600624024961,0.723704866562009,0.680314960629921,0.769230769230769,0.744783306581059,0,0,0.959311424100156,0.00154083204930663,0.276083467094703,0.249605055292259,0.992025518341308,0.0714285714285714,0.375796178343949,0.53525641025641,0.476708074534161,0.701399688958009,0.541009463722397,0.223101265822785,0.057542768273717,0.00921658986175115,0.432098765432099,0.461538461538462,0.0266875981161695,0.0235478806907378,0.984276729559748,0.993650793650794,0.032051282051282,0,0.0644122383252818,0.502362204724409,0,0.964396284829721,0.0140625,0.553429027113238,0,0.00934579439252336,0.00966183574879227,0,0.5,0.586687306501548
"15",0.0228310502283105,0.00306748466257669,0.0638977635782748,0.0122699386503067,0.929356357927786,0.570048309178744,0.231481481481481,0.855345911949686,0.681889763779528,0.486068111455108,0.00479233226837061,0.559429477020602,0,0.992248062015504,1,0.214506172839506,0.168711656441718,0.0110584518167457,0.0417956656346749,0.0125391849529781,0.00934579439252336,0.222565687789799,1,0.980061349693252,0.572530864197531,0.25,0.0031104199066874,0.366197183098592,0.836448598130841,0,0.733128834355828,0.68025078369906,0.751145038167939,0.725396825396825,0,0,0.973724884080371,0.00153846153846154,0.290423861852433,0.255485893416928,0.998430141287284,0.0677685950413223,0.387045813586098,0.539074960127592,0.475535168195719,0.69969040247678,0.5375,0.220472440944882,0.0660522273425499,0.0108864696734059,0.427035330261137,0.458860759493671,0.0218068535825545,0.0171875,0.982484076433121,0.993700787401575,0.0301587301587302,0,0.0661290322580645,0.505409582689335,0,0.972850678733032,0.00933125972006221,0.557453416149068,0,0.0108359133126935,0.0109204368174727,0,0.487341772151899,0.588414634146341
"16",0.720121028744327,0,0.859842519685039,0.697568389057751,0.331230283911672,0,0,0.0926216640502355,0.17192429022082,0.753048780487805,0.604166666666667,0,0.0159744408945687,0.215408805031447,0.214506172839506,1,0,0.721518987341772,0.80824088748019,0.694136291600634,0.724031007751938,0,0.222222222222222,0.256568778979907,0,0,0.160883280757098,0.872813990461049,0.0467289719626168,0,0.177952755905512,0.552099533437014,0.013677811550152,0.0125588697017268,0,0,0.172413793103448,0,0.482371794871795,0.990521327014218,0.22706065318818,0.862012987012987,0.852941176470588,0,0.757296466973886,0.164086687306502,0,0.977987421383648,0.158950617283951,0.681181959564541,0.809448818897638,0.775157232704403,0.755134281200632,0,0.205414012738854,0.240249609984399,0.740566037735849,0,0.856451612903226,0.721958925750395,0.10806697108067,0.169207317073171,0.711598746081505,0.687697160883281,0,0.693037974683544,0.710691823899371,0,0.750798722044728,0
"17",0,0.84447900466563,0,0,0.0736677115987461,0.622820919175911,0.836391437308868,0.334905660377358,0.173228346456693,0,0.010989010989011,0.646964856230032,0.644444444444444,0.16796267496112,0.168711656441718,0,1,0,0,0,0,0.959627329192547,0.170347003154574,0.131782945736434,0.625196850393701,0.941082802547771,0.371695178849145,0,0.369255150554675,0.813880126182965,0.206572769953052,0.00156985871271586,0.442006269592476,0.469551282051282,0.815384615384615,0.831562974203338,0.205371248025276,0.82780410742496,0.0527156549520767,0,0.167192429022082,0,0,0.660287081339713,0,0.187403993855607,0.655063291139241,0,0.366771159874608,0,0,0,0,0.842022116903633,0.203497615262321,0.154818325434439,0,0.823240589198036,0,0,0.446676970633694,0.205246913580247,0,0,0.714285714285714,0,0,0.775157232704403,0,0.608895705521472
"18",0.981481481481482,0.0506912442396313,0.87987012987013,0.981538461538462,0.0423861852433281,0.014218009478673,0.0513219284603421,0.00636942675159236,0.311897106109325,0.458204334365325,0.915993537964459,0.00318471337579618,0.21474358974359,0.0111464968152866,0.0110584518167457,0.721518987341772,0,1,0.906940063091483,0.976190476190476,1,0,0.0125588697017268,0.00952380952380952,0.00952380952380952,0,0.466876971608833,0.573926868044515,0.00788643533123028,0.0583596214511041,0.233070866141732,0.261755485893417,0.0093603744149766,0.00788643533123028,0.0576323987538941,0.0514018691588785,0.00794912559618442,0.0432098765432099,0.731319554848967,0.693396226415094,0.0157728706624606,0.875205254515599,0.559294871794872,0.00638977635782748,0.472307692307692,0.296466973886329,0.0112359550561798,0.719435736677116,0.455974842767296,0.973724884080371,0.522550544323484,0.477777777777778,0.974803149606299,0.0470957613814757,0.00316957210776545,0.0112359550561798,0.969551282051282,0.0731319554848967,0.868292682926829,0.442700156985871,0.384976525821596,0.00614439324116743,0.99211356466877,0.395498392282958,0.139498432601881,0.975077881619938,1,0.0806962025316456,0.447115384615385,0.00916030534351145
"19",0.926829268292683,0,0.983818770226537,0.893617021276596,0.130094043887147,0.00642054574638844,0.0031201248049922,0.00158227848101266,0.316692667706708,0.550680786686838,0.80952380952381,0,0.130573248407643,0.0409448818897638,0.0417956656346749,0.80824088748019,0,0.906940063091483,1,0.883647798742138,0.909090909090909,0,0.0427215189873418,0.0630769230769231,0.00317460317460317,0,0.372670807453416,0.660287081339713,0.0015625,0,0.261562998405104,0.357142857142857,0.0015552099533437,0.0016025641025641,0,0,0.0125786163522013,0,0.677367576243981,0.781847133757962,0.0515625,0.980230642504119,0.656,0.0015748031496063,0.547546012269939,0.298299845440495,0.00474683544303797,0.807511737089202,0.380281690140845,0.868954758190328,0.597523219814242,0.562893081761006,0.949152542372881,0,0.0238095238095238,0.0457413249211356,0.9408,0,0.979166666666667,0.529320987654321,0.288786482334869,0.013677811550152,0.918367346938776,0.477308294209703,0.0388198757763975,0.879936808846761,0.903633491311216,0.0031496062992126,0.537360890302067,0.0015552099533437
"20",0.957186544342508,0.0699844479004666,0.855284552845528,0.995461422087746,0.0352564102564103,0.0113821138211382,0.0563380281690141,0.00947867298578199,0.324281150159744,0.426332288401254,0.945859872611465,0.00635930047694754,0.246353322528363,0.0111111111111111,0.0125391849529781,0.694136291600634,0,0.976190476190476,0.883647798742138,1,0.984076433121019,0,0.0143312101910828,0.00943396226415094,0.00933125972006221,0,0.513343799058085,0.530448717948718,0.00925925925925926,0.0732484076433121,0.251177394034537,0.250391236306729,0.00938967136150235,0.0112359550561798,0.0752351097178683,0.0672926447574335,0.00642054574638844,0.0632716049382716,0.754471544715447,0.656645569620253,0.0127186009538951,0.857142857142857,0.522151898734177,0.009375,0.430379746835443,0.306853582554517,0.0125786163522013,0.680952380952381,0.512345679012346,1,0.471494607087827,0.443217665615142,0.941935483870968,0.0659340659340659,0.00159235668789809,0.00646203554119548,0.9552,0.087603305785124,0.8496,0.408585055643879,0.4109375,0.00613496932515337,0.981012658227848,0.371428571428571,0.167456556082148,1,0.977455716586151,0.100946372239748,0.419354838709677,0.0109717868338558
"21",0.986196319018405,0.0463678516228748,0.876404494382023,0.989329268292683,0.0470957613814757,0.0112179487179487,0.0514018691588785,0.00791139240506329,0.319875776397516,0.453292496171516,0.92368839427663,0.00479233226837061,0.215088282504013,0.00789889415481832,0.00934579439252336,0.724031007751938,0,1,0.909090909090909,0.984076433121019,1,0,0.0108695652173913,0.00465116279069767,0.00927357032457496,0,0.466353677621283,0.572567783094099,0.010752688172043,0.0570522979397781,0.237639553429027,0.261345852895149,0.00923076923076923,0.00967741935483871,0.0565749235474006,0.052790346907994,0.00782472613458529,0.0401234567901235,0.731511254019293,0.694573643410853,0.0109546165884194,0.873581847649919,0.561904761904762,0.00797448165869218,0.464788732394366,0.304747320061256,0.0125786163522013,0.708722741433022,0.467289719626168,0.981366459627329,0.503115264797508,0.472178060413355,0.968895800933126,0.0453834115805947,0.00156739811912226,0.004739336492891,0.971337579617834,0.0717703349282297,0.864951768488746,0.436220472440945,0.381172839506173,0.00611620795107034,0.993798449612403,0.392801251956182,0.145339652448657,0.9858934169279,0.996850393700787,0.0779014308426073,0.447452229299363,0.0108191653786708
"22",0,0.768518518518518,0,0,0.124223602484472,0.700315457413249,0.835130970724191,0.4078125,0.239197530864198,0,0.00155038759689922,0.740916271721959,0.55877616747182,0.241057542768274,0.222565687789799,0,0.959627329192547,0,0,0,0,1,0.233176838810642,0.180428134556575,0.691950464396285,0.998442367601246,0.276661514683153,0,0.451313755795981,0.742589703588144,0.265625,0,0.520485584218513,0.541996830427892,0.742081447963801,0.755351681957186,0.278637770897833,0.773643410852713,0.076555023923445,0,0.233438485804416,0,0,0.729813664596273,0,0.249235474006116,0.724683544303797,0,0.273716951788491,0,0,0,0,0.763803680981595,0.271875,0.225196850393701,0,0.729166666666667,0,0,0.357473035439137,0.278366111951589,0,0,0.625786163522013,0,0,0.699059561128527,0,0.68062015503876
"23",0.0305343511450382,0.00462249614791988,0.0756843800322061,0.0152905198776758,0.916666666666667,0.563492063492063,0.230650154798762,0.862992125984252,0.677570093457944,0.489891135303266,0.00792393026941363,0.556438791732909,0,0.989096573208723,1,0.222222222222222,0.170347003154574,0.0125588697017268,0.0427215189873418,0.0143312101910828,0.0108695652173913,0.233176838810642,1,0.9734375,0.573208722741433,0.257861635220126,0.00461538461538462,0.361331220285261,0.830188679245283,0.00311526479750779,0.718799368088468,0.686335403726708,0.754946727549467,0.72972972972973,0,0.00151745068285281,0.967289719626168,0.00305810397553517,0.27591706539075,0.260188087774295,0.992163009404389,0.0769230769230769,0.384126984126984,0.532710280373832,0.473035439137134,0.696594427244582,0.528301886792453,0.231366459627329,0.06,0.014018691588785,0.435658914728682,0.463836477987421,0.0234009360374415,0.0202808112324493,0.985781990521327,0.985871271585557,0.036624203821656,0,0.074313408723748,0.510869565217391,0,0.966205837173579,0.0126984126984127,0.563091482649842,0,0.0140625,0.0112359550561798,0,0.4976,0.593558282208589
"24",0.024132730015083,0,0.0950871632329636,0.00754147812971342,0.962204724409449,0.505529225908373,0.200906344410876,0.811912225705329,0.630265210608424,0.538931297709924,0.00157728706624606,0.511006289308176,0,0.982731554160126,0.980061349693252,0.256568778979907,0.131782945736434,0.00952380952380952,0.0630769230769231,0.00943396226415094,0.00465116279069767,0.180428134556575,0.9734375,1,0.525502318392581,0.213953488372093,0,0.41335453100159,0.7953125,0,0.680061823802164,0.73780487804878,0.716049382716049,0.698738170347003,0,0,0.940625,0,0.248833592534992,0.294930875576037,0.992101105845182,0.099025974025974,0.416282642089094,0.480499219968799,0.532182103610675,0.649390243902439,0.480499219968799,0.258805513016845,0.0518867924528302,0.00469483568075117,0.486238532110092,0.521739130434783,0.0328125,0.0093167701863354,0.953125,0.987381703470032,0.0362776025236593,0,0.0988835725677831,0.558641975308642,0,0.940639269406393,0.00925925925925926,0.603125,0,0.0046583850931677,0.010989010989011,0,0.547351524879615,0.538931297709924
"25",0.0107858243451464,0.422664624808576,0.00160771704180064,0.0106870229007634,0.468454258675079,0.996830427892235,0.723926380368098,0.746894409937888,0.563779527559055,0.0490045941807044,0.0112359550561798,0.992125984251969,0.229067930489731,0.576086956521739,0.572530864197531,0,0.625196850393701,0.00952380952380952,0.00317460317460317,0.00933125972006221,0.00927357032457496,0.691950464396285,0.573208722741433,0.525502318392581,1,0.727987421383648,0.0519685039370079,0.008,0.776911076443058,0.394321766561514,0.599369085173502,0.219325153374233,0.846153846153846,0.856012658227848,0.404580152671756,0.419452887537994,0.618066561014263,0.407692307692308,0.239165329052969,0,0.560126582278481,0,0.0217391304347826,0.982758620689655,0.0554699537750385,0.579908675799087,0.982785602503912,0,0.143518518518519,0.0139103554868624,0.0249221183800623,0.0410094637223975,0.00933125972006221,0.428348909657321,0.597464342313788,0.552845528455285,0.00958466453674121,0.381818181818182,0.00321543408360129,0.0603715170278638,0.0843558282208589,0.618098159509202,0.00943396226415094,0.105345911949686,0.303656597774245,0.0141509433962264,0.0111642743221691,0.352380952380952,0.0516129032258065,0.97239263803681
"26",0,0.74491392801252,0,0,0.165094339622642,0.732484076433121,0.84037558685446,0.443573667711599,0.26517571884984,0,0,0.760586319218241,0.529220779220779,0.269968051118211,0.25,0,0.941082802547771,0,0,0,0,0.998442367601246,0.257861635220126,0.213953488372093,0.727987421383648,1,0.2546875,0,0.475,0.723809523809524,0.296529968454259,0.0109375,0.551242236024845,0.57784911717496,0.725155279503106,0.723404255319149,0.301587301587302,0.738724727838258,0.0936995153473344,0,0.256451612903226,0,0,0.761146496815287,0,0.265723270440252,0.755134281200632,0,0.260530421216849,0,0,0,0,0.744514106583072,0.291666666666667,0.252427184466019,0,0.692058346839546,0,0,0.341085271317829,0.30568356374808,0,0,0.601895734597156,0,0,0.67304625199362,0,0.715384615384615
"27",0.446130500758725,0.576399394856278,0.324324324324324,0.505359877488515,0,0.0625,0.367851622874807,0.00782472613458529,0.268330733229329,0.0076103500761035,0.619273301737757,0.0440251572327044,0.769828926905132,0.00157728706624606,0.0031104199066874,0.160883280757098,0.371695178849145,0.466876971608833,0.372670807453416,0.513343799058085,0.466353677621283,0.276661514683153,0.00461538461538462,0,0.0519685039370079,0.2546875,1,0.0488188976377953,0.00619195046439629,0.593893129770992,0.212074303405573,0.00152671755725191,0.00914634146341463,0.0108864696734059,0.598484848484849,0.582317073170732,0.00460122699386503,0.584592145015106,0.442492012779553,0.126543209876543,0.00158478605388273,0.330645161290323,0.0456692913385827,0.0689655172413793,0.0076103500761035,0.243491577335375,0.0714285714285714,0.149847094801223,0.940275650842266,0.525267993874426,0.0182094081942337,0.00770416024653313,0.440993788819876,0.578052550231839,0,0,0.435054773082942,0.615136876006441,0.333333333333333,0.0062015503875969,0.918711656441718,0.00453857791225416,0.493827160493827,0.003125,0.710526315789474,0.518633540372671,0.481072555205047,0.628086419753086,0.00952380952380952,0.0703363914373089
"28",0.58814352574103,0,0.701468189233279,0.549618320610687,0.469745222929936,0.00645161290322581,0,0.192675159235669,0.211446740858506,0.901081916537867,0.448717948717949,0.00316957210776545,0,0.358851674641148,0.366197183098592,0.872813990461049,0,0.573926868044515,0.660287081339713,0.530448717948718,0.572567783094099,0,0.361331220285261,0.41335453100159,0.008,0,0.0488188976377953,1,0.164596273291925,0,0.221508828250401,0.7264,0.0855365474339036,0.0809061488673139,0,0,0.329635499207607,0,0.335463258785943,0.904912836767036,0.379968203497615,0.694915254237288,0.982371794871795,0.00320512820512821,0.898119122257053,0.206521739130435,0.00644122383252818,0.8828125,0.0725552050473186,0.527301092043682,0.949526813880126,0.924050632911392,0.600321027287319,0,0.333863275039746,0.383647798742138,0.606260296540362,0,0.707993474714519,0.889067524115756,0.0062015503875969,0.322480620155039,0.552715654952077,0.828150572831424,0,0.537974683544304,0.5552,0,0.899361022364217,0.0206677265500795
"29",0.0107197549770291,0.167173252279635,0,0.00755287009063444,0.727129337539432,0.750390015600624,0.424382716049383,0.973478939157566,0.666144200626959,0.276073619631902,0.00956937799043062,0.76056338028169,0.0063391442155309,0.845541401273885,0.836448598130841,0.0467289719626168,0.369255150554675,0.00788643533123028,0.0015625,0.00925925925925926,0.010752688172043,0.451313755795981,0.830188679245283,0.7953125,0.776911076443058,0.475,0.00619195046439629,0.164596273291925,1,0.155660377358491,0.735109717868339,0.468118195956454,0.946646341463415,0.954186413902054,0.146788990825688,0.150684931506849,0.877934272300469,0.143740340030912,0.24405705229794,0.0622083981337481,0.819875776397516,0,0.177293934681182,0.734276729559748,0.277519379844961,0.684532924961715,0.74805598755832,0.0412213740458015,0.0662557781201849,0.0108024691358025,0.236559139784946,0.256965944272446,0.00791139240506329,0.183359013867488,0.85214626391097,0.822503961965135,0.00947867298578199,0.134831460674157,0.00324149108589951,0.31039755351682,0,0.883156297420334,0.00631911532385466,0.347417840375587,0.040625,0.0108695652173913,0.00934579439252336,0.102523659305994,0.295886075949367,0.784522003034901
"30",0.049079754601227,0.996918335901387,0,0.0743034055727554,0,0.404153354632588,0.736677115987461,0.130914826498423,0.0157977883096366,0,0.1488,0.419871794871795,0.847133757961783,0.0015600624024961,0,0,0.813880126182965,0.0583596214511041,0,0.0732484076433121,0.0570522979397781,0.742589703588144,0.00311526479750779,0,0.394321766561514,0.723809523809524,0.593893129770992,0,0.155660377358491,1,0.0359375,0,0.224458204334365,0.246815286624204,0.996941896024465,1,0.0157977883096366,1,0.045958795562599,0,0,0,0,0.447900466562986,0,0.0203761755485893,0.430599369085173,0,0.54874213836478,0.0824261275272162,0,0,0.0316455696202532,0.981102362204724,0.00634920634920635,0,0.0398724082934609,0.990306946688207,0,0,0.682389937106918,0.0198473282442748,0.0505529225908373,0,0.92259083728278,0.0737833594976452,0.0578778135048231,0.982758620689655,0,0.389230769230769
"31",0.281972265023112,0.0391236306729265,0.217821782178218,0.277182235834609,0.631329113924051,0.598412698412698,0.292307692307692,0.762520193861066,0.957746478873239,0.21483771251932,0.262135922330097,0.588976377952756,0.0850722311396469,0.723704866562009,0.733128834355828,0.177952755905512,0.206572769953052,0.233070866141732,0.261562998405104,0.251177394034537,0.237639553429027,0.265625,0.718799368088468,0.680061823802164,0.599369085173502,0.296529968454259,0.212074303405573,0.221508828250401,0.735109717868339,0.0359375,1,0.405572755417957,0.706708268330733,0.698234349919743,0.0350609756097561,0.0277777777777778,0.740566037735849,0.0259541984732824,0.543408360128617,0.145736434108527,0.727272727272727,0.238636363636364,0.240944881889764,0.569858712715856,0.217729393468118,0.962848297213622,0.577352472089314,0.172413793103448,0.285266457680251,0.257668711656442,0.204930662557781,0.196513470681458,0.269291338582677,0.0675039246467818,0.755520504731861,0.695374800637959,0.273162939297125,0.0309446254071661,0.274636510500808,0.2328125,0.141509433962264,0.75077399380805,0.266561514195584,0.274603174603175,0.0447284345047923,0.245283018867925,0.254019292604502,0.0171606864274571,0.211038961038961,0.614664586583463
"32",0.292424242424242,0,0.389857369255151,0.245112781954887,0.791139240506329,0.202211690363349,0.0446841294298921,0.49211356466877,0.37442218798151,0.834355828220859,0.160686427457098,0.196513470681458,0,0.680314960629921,0.68025078369906,0.552099533437014,0.00156985871271586,0.261755485893417,0.357142857142857,0.250391236306729,0.261345852895149,0,0.686335403726708,0.73780487804878,0.219325153374233,0.0109375,0.00152671755725191,0.7264,0.468118195956454,0,0.405572755417957,1,0.388467374810319,0.377708978328173,0,0,0.651828298887122,0,0.28006329113924,0.600311041990669,0.7,0.404605263157895,0.731481481481482,0.190031152647975,0.824427480916031,0.386153846153846,0.200305810397554,0.573394495412844,0.0354938271604938,0.218654434250765,0.796923076923077,0.826833073322933,0.299684542586751,0,0.651898734177215,0.7024,0.307324840764331,0,0.415094339622642,0.853125,0,0.635258358662614,0.266770670826833,0.882629107981221,0,0.226851851851852,0.264752791068581,0,0.846761453396525,0.244274809160305
"33",0.0102941176470588,0.239097744360902,0,0.00898203592814371,0.649149922720247,0.836990595611285,0.503030303030303,0.913446676970634,0.64031007751938,0.210606060606061,0.0108695652173913,0.848200312989045,0.0608424336973479,0.769230769230769,0.751145038167939,0.013677811550152,0.442006269592476,0.0093603744149766,0.0015552099533437,0.00938967136150235,0.00923076923076923,0.520485584218513,0.754946727549467,0.716049382716049,0.846153846153846,0.551242236024845,0.00914634146341463,0.0855365474339036,0.946646341463415,0.224458204334365,0.706708268330733,0.388467374810319,1,1,0.222222222222222,0.234586466165414,0.806106870229008,0.218512898330804,0.239370078740157,0.0184615384615385,0.743307086614173,0,0.111791730474732,0.816770186335404,0.212669683257919,0.659638554216867,0.823076923076923,0.00765696784073507,0.0672645739910314,0.0120845921450151,0.155145929339478,0.187403993855607,0.0076103500761035,0.258914728682171,0.789719626168224,0.738170347003155,0.0109034267912773,0.197802197802198,0.0015748031496063,0.237366003062787,0.00149253731343284,0.803863298662704,0.00916030534351145,0.276497695852535,0.117004680187207,0.0124223602484472,0.00933125972006221,0.187403993855607,0.212933753943218,0.857571214392804
"34",0.0122699386503067,0.25511811023622,0,0.0109375,0.628389154704944,0.8448,0.525902668759812,0.908653846153846,0.635048231511254,0.196567862714509,0.0127186009538951,0.85126582278481,0.0627009646302251,0.744783306581059,0.725396825396825,0.0125588697017268,0.469551282051282,0.00788643533123028,0.0016025641025641,0.0112359550561798,0.00967741935483871,0.541996830427892,0.72972972972973,0.698738170347003,0.856012658227848,0.57784911717496,0.0108864696734059,0.0809061488673139,0.954186413902054,0.246815286624204,0.698234349919743,0.377708978328173,1,1,0.231611893583725,0.249609984399376,0.788553259141494,0.234567901234568,0.230769230769231,0.010989010989011,0.726114649681529,0,0.11198738170347,0.830482115085537,0.199066874027994,0.654631083202512,0.844936708860759,0.00634920634920635,0.0771653543307087,0.0142857142857143,0.143081761006289,0.175355450236967,0.0095389507154213,0.267828843106181,0.77124183006536,0.719354838709677,0.0111464968152866,0.217675941080196,0.0016366612111293,0.225552050473186,0,0.786604361370717,0.0111111111111111,0.248407643312102,0.129133858267717,0.0142630744849445,0.00949367088607595,0.198707592891761,0.202265372168285,0.873261205564142
"35",0.0430906389301634,0.995447647951442,0,0.078907435508346,0,0.415360501567398,0.732223903177005,0.129485179407176,0.0031104199066874,0,0.136222910216718,0.42,0.853125,0,0,0,0.815384615384615,0.0576323987538941,0,0.0752351097178683,0.0565749235474006,0.742081447963801,0,0,0.404580152671756,0.725155279503106,0.598484848484849,0,0.146788990825688,0.996941896024465,0.0350609756097561,0,0.222222222222222,0.231611893583725,1,0.998507462686567,0.00911854103343465,0.995412844036697,0.0376766091051805,0,0,0,0,0.44,0,0.0106382978723404,0.43613707165109,0,0.519877675840979,0.0827067669172932,0,0,0.0276923076923077,0.98780487804878,0.00612557427258806,0,0.0328125,0.996865203761755,0,0,0.691131498470948,0.0104947526236882,0.0497667185069984,0,0.927580893682589,0.080370942812983,0.0609375,0.98145285935085,0,0.38391502276176
"36",0.0411585365853659,1,0,0.0611028315946349,0,0.425269645608629,0.734446130500759,0.133640552995392,0.0107033639143731,0,0.131375579598145,0.435257410296412,0.846270928462709,0,0,0,0.831562974203338,0.0514018691588785,0,0.0672926447574335,0.052790346907994,0.755351681957186,0.00151745068285281,0,0.419452887537994,0.723404255319149,0.582317073170732,0,0.150684931506849,1,0.0277777777777778,0,0.234586466165414,0.249609984399376,0.998507462686567,1,0.0135542168674699,1,0.0357698289269051,0,0,0,0,0.449922958397535,0,0.0163447251114413,0.438066465256798,0,0.503805175038052,0.0699088145896656,0,0,0.0262751159196291,0.989393939393939,0.00619195046439629,0,0.0341614906832298,0.988993710691824,0,0,0.675799086757991,0.0120481927710843,0.0429447852760736,0,0.920610687022901,0.0673813169984686,0.0553846153846154,0.98310291858679,0,0.381954887218045
