"","V1","V2","V3","V4","V5","V6","V7","V8","V9","V10","V11","V12","V13","V14","V15","V16","V17","V18","V19","V20","V21","V22","V23","V24","V25","V26","V27","V28","V29","V30","V31","V32","V33","V34","V35","V36","V37","V38","V39","V40","V41","V42","V43","V44","V45","V46","V47","V48","V49","V50","V51","V52","V53","V54","V55","V56","V57","V58","V59","V60","V61","V62","V63","V64","V65","V66","V67","V68","V69","V70"
"1",1,0,0.962674961119751,0.935384615384615,0.325,0.0168711656441718,0.0105105105105105,0.00306278713629403,0.861491628614916,0.539730134932534,0.836890243902439,0.00775193798449612,0.114551083591331,0.324451410658307,0.288188976377953,0.852760736196319,0,0.915902140672783,0.9546875,0.832,0.920807453416149,0,0.353915662650602,0.276661514683153,0.0108024691358025,0,0.0917431192660551,0.534456355283308,0.00449101796407186,0.0688073394495413,0.423135464231355,0.436102236421725,0.00476190476190476,0.00788643533123028,0,0,0.0573643410852713,0.00461538461538462,0.974068071312804,0.747286821705426,0.281446540880503,0.957613814756672,0.786707882534776,0.0120845921450151,0.514372163388805,0.866464339908953,0.0112,0.829230769230769,0.806697108066971,0.826687116564417,0.665644171779141,0.533018867924528,0.961538461538462,0,0.300476947535771,0.0783410138248848,0.965891472868217,0.0324074074074074,0.946117274167987,0.518282988871224,0.0825396825396825,0.0285714285714286,0.966613672496025,0.494505494505495,0.0668693009118541,0.837962962962963,0.896713615023474,0.0642201834862385,0.525236593059937,0.0754147812971342
"2",0,1,0,0,0,0.265402843601896,0.583333333333333,0.451010886469673,0,0,0.0364500792393027,0.483253588516746,0.745682888540031,0,0,0,0.819776714513557,0,0,0.0292682926829268,0,0.808176100628931,0,0,0.468998410174881,0.79903536977492,0.765163297045101,0,0.238532110091743,0.805732484076433,0.0545171339563863,0,0.319604612850082,0.304347826086957,0.995121951219512,0.991869918699187,0.0777777777777778,0.898412698412698,0,0,0,0,0,0.518225039619651,0,0,0.527597402597403,0,0.0538827258320127,0.0394321766561514,0,0,0,1,0,0.0262345679012346,0,0.846655791190865,0,0,0.766881028938907,0.129952456418384,0,0,0.784810126582278,0.0346456692913386,0,0.785046728971963,0,0.574730354391371
"3",0.962674961119751,0,1,0.884914463452566,0.396850393700787,0.00934579439252336,0.00311526479750779,0,0.88006230529595,0.592879256965944,0.764890282131661,0.0016,0.0603174603174603,0.389671361502347,0.360258481421648,0.917057902973396,0,0.842356687898089,0.996774193548387,0.763371150729335,0.851910828025478,0,0.429012345679012,0.340255591054313,0.00317460317460317,0,0.0360501567398119,0.600624024960998,0.00303490136570561,0.0125588697017268,0.432766615146832,0.498392282958199,0,0,0,0,0.0692913385826772,0,0.983948635634029,0.821939586645469,0.344660194174757,1,0.853125,0.00313479623824451,0.5765625,0.878504672897196,0.0016366612111293,0.906396255850234,0.733542319749216,0.755905511811024,0.727272727272727,0.598715890850722,0.901743264659271,0,0.375203915171289,0.134466769706337,0.992163009404389,0.00318471337579618,0.996726677577741,0.576051779935275,0.0390879478827362,0.0385232744783307,0.9,0.5696,0.0219435736677116,0.766505636070853,0.831987075928918,0.018957345971564,0.587761674718196,0.0169230769230769
"4",0.935384615384615,0,0.884914463452566,1,0.312796208530806,0.0383435582822086,0.0289193302891933,0.0201863354037267,0.821812596006144,0.49079754601227,0.840667678300455,0.0204081632653061,0.146189735614308,0.319314641744548,0.290015847860539,0.813374805598756,0,0.918083462132921,0.897959183673469,0.84775641025641,0.924528301886792,0,0.349397590361446,0.271604938271605,0.034375,0.00159744408945687,0.144615384615385,0.496171516079632,0.0212443095599393,0.10625,0.48159509202454,0.413629160063391,0.0224719101123595,0.0251177394034537,0.00158982511923688,0.00161812297734628,0.078003120124805,0.0361635220125786,0.913539967373573,0.718701700154559,0.298887122416534,0.883720930232558,0.740740740740741,0.0341614906832298,0.46594427244582,0.854037267080745,0.0317460317460317,0.780185758513932,0.83641975308642,0.843894899536321,0.603744149765991,0.494363929146538,0.979907264296754,0.00160513643659711,0.306709265175719,0.0844854070660522,0.893416927899687,0.0775316455696203,0.87741935483871,0.466034755134281,0.117647058823529,0.0448,0.942307692307692,0.462992125984252,0.113323124042879,0.85781990521327,0.915873015873016,0.114420062695925,0.482649842271293,0.132420091324201
"5",0.325,0,0.396850393700787,0.312796208530806,1,0.501529051987768,0.182648401826484,0.326186830015314,0.50611620795107,0.813169984686064,0.151607963246554,0.284389489953632,0,1,0.976377952755906,0.502318392581144,0.00156739811912226,0.220858895705521,0.401550387596899,0.160572337042925,0.229102167182663,0.00154798761609907,0.984567901234568,0.974006116207951,0.303125,0.00955414012738853,0,0.7947932618683,0.529940119760479,0,0.67616191904048,0.884676145339652,0.432520325203252,0.460191082802548,0,0,0.680555555555556,0,0.382258064516129,0.600308641975309,0.96,0.392125984251968,0.545454545454545,0.23728813559322,0.817073170731707,0.433641975308642,0.238244514106583,0.525757575757576,0.155145929339478,0.154083204930663,0.67601246105919,0.813694267515924,0.285935085007728,0,0.993569131832797,0.757575757575758,0.373831775700935,0,0.403508771929825,0.8171875,0,0.658841940532081,0.271565495207668,0.839313572542902,0,0.141287284144427,0.214170692431562,0,0.820349761526232,0.0843558282208589
"6",0.0168711656441718,0.265402843601896,0.00934579439252336,0.0383435582822086,0.501529051987768,1,0.688253012048193,0.842748091603053,0.0944527736131934,0.298642533936652,0.00911854103343465,0.813740458015267,0.0215384615384615,0.492331288343558,0.552959501557632,0.0429447852760736,0.456521739130435,0.0107033639143731,0.0170542635658915,0.00950871632329636,0.0061633281972265,0.474885844748858,0.468277945619335,0.550613496932515,0.833078101071976,0.4913112164297,0.0633484162895928,0.292424242424242,0.956521739130435,0.0738461538461539,0.558734939759036,0.389937106918239,0.966613672496025,0.973561430793157,0.236391912908243,0.226917057902973,0.845801526717557,0.155963302752294,0.0238853503184713,0.0725308641975309,0.545166402535658,0.0153374233128834,0.0588235294117647,0.783866057838661,0.302290076335878,0.11937984496124,0.782884310618067,0.0286144578313253,0.0274809160305344,0.0120300751879699,0.158218125960061,0.284578696343402,0.0186625194401244,0.267801857585139,0.518927444794953,0.762121212121212,0.0232558139534884,0.096875,0.0189873417721519,0.2984375,0.0332805071315372,0.894080996884735,0.00946372239747634,0.3198127925117,0.0609756097560976,0.0125786163522013,0.00783699059561128,0.0580152671755725,0.290679304897314,0.338880484114977
"7",0.0105105105105105,0.583333333333333,0.00311526479750779,0.0289193302891933,0.182648401826484,0.688253012048193,1,0.868580060422961,0.022354694485842,0.0106382978723404,0.0149253731343284,0.914503816793893,0.32370820668693,0.174454828660436,0.21875,0.0031055900621118,0.801550387596899,0.0121951219512195,0.0046583850931677,0.0172955974842767,0.0061633281972265,0.795763993948563,0.152923538230885,0.21319018404908,0.908809891808346,0.820754716981132,0.377099236641221,0.00909090909090909,0.65037037037037,0.389649923896499,0.315868263473054,0.0744186046511628,0.771428571428571,0.727987421383648,0.546439628482972,0.552425665101721,0.500765696784073,0.483568075117371,0.014446227929374,0,0.2265625,0.00154083204930663,0,0.960061443932412,0.0149925037481259,0.0896656534954407,0.963492063492064,0,0.0399385560675883,0.0138248847926267,0,0.00940438871473354,0.0137614678899083,0.592592592592593,0.195924764890282,0.423831070889894,0.00916030534351145,0.401253918495298,0.00636942675159236,0.00947867298578199,0.349436392914654,0.5484375,0.00961538461538462,0.015552099533437,0.363636363636364,0.0186915887850467,0.00930232558139535,0.363214837712519,0.00946372239747634,0.654191616766467
"8",0.00306278713629403,0.451010886469673,0,0.0201863354037267,0.326186830015314,0.842748091603053,0.868580060422961,1,0.0547945205479452,0.136986301369863,0.0045662100456621,0.976993865030675,0.172782874617737,0.338485316846986,0.374021909233177,0.00612557427258806,0.653312788906009,0.00596125186289121,0,0.00315457413249211,0.00462249614791988,0.667678300455235,0.298192771084337,0.361573373676248,0.970588235294118,0.697305863708399,0.229832572298326,0.124054462934947,0.820208023774146,0.240181268882175,0.462574850299401,0.214285714285714,0.921221864951768,0.883280757097792,0.427244582043344,0.423622047244094,0.646341463414634,0.322678843226788,0.0032,0.0199692780337942,0.373626373626374,0,0.00890207715133531,0.929339477726575,0.140929535232384,0.0934150076569678,0.918495297805643,0.00153374233128834,0.0167173252279635,0.00606980273141123,0.0305343511450382,0.113884555382215,0.00613496932515337,0.47239263803681,0.361370716510903,0.581081081081081,0.00306748466257669,0.269349845201238,0.003125,0.133540372670807,0.20253164556962,0.690402476780186,0.00476190476190476,0.158295281582953,0.20763358778626,0.00622083981337481,0.0047244094488189,0.200612557427259,0.127725856697819,0.510416666666667
"9",0.861491628614916,0,0.88006230529595,0.821812596006144,0.50611620795107,0.0944527736131934,0.022354694485842,0.0547945205479452,1,0.68,0.66467958271237,0.0338461538461538,0.0292758089368259,0.510046367851623,0.464566929133858,0.905864197530864,0,0.74,0.902173913043478,0.665625,0.741538461538462,0,0.539969834087481,0.465437788018433,0.0458015267175573,0,0.0259938837920489,0.694864048338369,0.0786350148367952,0.0137404580152672,0.588502269288956,0.636792452830189,0.0532915360501567,0.0557275541795666,0,0,0.193798449612403,0,0.898089171974522,0.847094801223242,0.477987421383648,0.88062015503876,0.889561270801815,0.0379939209726444,0.676425269645609,0.882175226586103,0.0398089171974522,0.892697466467958,0.64624808575804,0.646879756468798,0.776073619631902,0.684044233807267,0.808411214953271,0,0.461904761904762,0.229508196721311,0.904173106646059,0.00309597523219814,0.888535031847134,0.669266770670827,0.0125588697017268,0.148669796557121,0.793427230046948,0.671779141104294,0.0164670658682635,0.648690292758089,0.726844583987441,0.0121951219512195,0.682389937106918,0.0389221556886228
"10",0.539730134932534,0,0.592879256965944,0.49079754601227,0.813169984686064,0.298642533936652,0.0106382978723404,0.136986301369863,0.68,1,0.342943854324734,0.0878274268104777,0,0.815100154083205,0.775157232704403,0.688751926040062,0,0.415007656967841,0.587774294670846,0.350793650793651,0.429230769230769,0,0.835843373493976,0.774390243902439,0.0984615384615385,0,0,0.993865030674847,0.330827067669173,0,0.481315396113602,0.932601880877743,0.231259968102073,0.266770670826833,0,0,0.49613601236476,0,0.576433121019108,0.793577981651376,0.750392464678179,0.6,0.757575757575758,0.0491551459293395,0.995502248875562,0.524615384615385,0.0491283676703645,0.720543806646526,0.321646341463415,0.343032159264931,0.88719512195122,1,0.460587326120556,0,0.798092209856916,0.554878048780488,0.561919504643963,0,0.572107765451664,1,0,0.454404945904173,0.464114832535885,0.992236024844721,0,0.330232558139535,0.405705229793978,0,1,0.00757575757575758
"11",0.836890243902439,0.0364500792393027,0.764890282131661,0.840667678300455,0.151607963246554,0.00911854103343465,0.0149253731343284,0.0045662100456621,0.66467958271237,0.342943854324734,1,0.00920245398773006,0.302255639097744,0.158139534883721,0.141304347826087,0.658346333853354,0.003125,0.937019969278034,0.759259259259259,1,0.934681181959565,0.00151057401812689,0.18910741301059,0.126331811263318,0.0107197549770291,0,0.294027565084227,0.367624810892587,0.00894187779433681,0.25,0.323216995447648,0.256651017214397,0.00940438871473354,0.0108191653786708,0.0544323483670296,0.0507936507936508,0.0108191653786708,0.147058823529412,0.778129952456418,0.550834597875569,0.138413685847589,0.773353751914242,0.599393019726859,0.0137614678899083,0.328290468986384,0.70750382848392,0.0158982511923688,0.645550527903469,0.977238239757208,0.996937212863706,0.472012102874433,0.347551342812006,0.878195488721805,0.0419906687402799,0.141965678627145,0.00298507462686567,0.776923076923077,0.206896551724138,0.758620689655172,0.324451410658307,0.275316455696203,0.00927357032457496,0.876777251184834,0.319018404907975,0.250750750750751,1,0.932707355242567,0.264296754250386,0.342313787638669,0.246987951807229
"12",0.00775193798449612,0.483253588516746,0.0016,0.0204081632653061,0.284389489953632,0.813740458015267,0.914503816793893,0.976993865030675,0.0338461538461538,0.0878274268104777,0.00920245398773006,1,0.199376947040498,0.287051482059282,0.332278481012658,0.00156494522691706,0.6875,0.00771604938271605,0.0015600624024961,0.008,0.0031055900621118,0.708074534161491,0.256568778979907,0.325038880248834,1,0.729903536977492,0.259375,0.0801232665639445,0.784431137724551,0.26502311248074,0.41358024691358,0.156398104265403,0.889776357827476,0.851437699680511,0.452978056426332,0.458466453674121,0.631496062992126,0.349529780564263,0.00802568218298555,0.00462962962962963,0.330658105939005,0.00155763239875389,0.0031055900621118,0.978294573643411,0.0947204968944099,0.0842266462480858,0.963081861958267,0.00154083204930663,0.0187793427230047,0.00928792569659443,0.00462249614791988,0.0801282051282051,0.0094488188976378,0.4875,0.304487179487179,0.538699690402477,0.0078003120124805,0.283676703645008,0.00490196078431373,0.0866141732283465,0.232854864433812,0.667716535433071,0.00485436893203883,0.102803738317757,0.244648318042813,0.00930232558139535,0.00794912559618442,0.243410852713178,0.0823909531502423,0.532824427480916
"13",0.114551083591331,0.745682888540031,0.0603174603174603,0.146189735614308,0,0.0215384615384615,0.32370820668693,0.172782874617737,0.0292758089368259,0,0.302255639097744,0.199376947040498,1,0,0,0.0235109717868339,0.538102643856921,0.2234375,0.061633281972265,0.305466237942122,0.228615863141524,0.513803680981595,0,0,0.190184049079755,0.512383900928793,0.976958525345622,0,0.00151057401812689,0.969040247678019,0.036697247706422,0,0.056,0.0326086956521739,0.782945736434108,0.793322734499205,0,0.877551020408163,0.0698051948051948,0,0,0.0716510903426791,0.00154559505409583,0.235658914728682,0,0.0721003134796238,0.243243243243243,0.00154798761609907,0.317901234567901,0.327044025157233,0,0,0.164596273291925,0.749608763693271,0,0,0.0734375,0.924731182795699,0.0674157303370786,0,1,0,0.1712,0,0.98297213622291,0.309748427672956,0.237048665620094,0.978494623655914,0,0.68429003021148
"14",0.324451410658307,0,0.389671361502347,0.319314641744548,1,0.492331288343558,0.174454828660436,0.338485316846986,0.510046367851623,0.815100154083205,0.158139534883721,0.287051482059282,0,1,0.981102362204724,0.506349206349206,0.004739336492891,0.219135802469136,0.397476340694006,0.162074554294976,0.234375,0.00461538461538462,0.97542242703533,0.970858895705521,0.303599374021909,0.0157728706624606,0,0.798461538461538,0.521936459909228,0,0.698924731182796,0.89297124600639,0.439739413680782,0.46422893481717,0,0,0.700949367088608,0,0.390048154093098,0.61171032357473,0.9664,0.391912908242613,0.561538461538462,0.238244514106583,0.830482115085537,0.444099378881988,0.230031948881789,0.524844720496894,0.141085271317829,0.159937888198758,0.667192429022082,0.819620253164557,0.282091917591125,0,0.9984,0.767123287671233,0.371875,0,0.403877221324717,0.82670906200318,0,0.651757188498403,0.270226537216828,0.851097178683386,0,0.146417445482866,0.218849840255591,0,0.818181818181818,0.0911854103343465
"15",0.288188976377953,0,0.360258481421648,0.290015847860539,0.976377952755906,0.552959501557632,0.21875,0.374021909233177,0.464566929133858,0.775157232704403,0.141304347826087,0.332278481012658,0,0.981102362204724,1,0.455858747993579,0.0111287758346582,0.190993788819876,0.359098228663446,0.131493506493506,0.193700787401575,0.00473186119873817,0.958268933539413,1,0.354066985645933,0.0180327868852459,0,0.75625,0.578783151326053,0,0.717557251908397,0.858075040783034,0.49185667752443,0.51294498381877,0,0,0.738924050632911,0,0.353233830845771,0.558213716108453,1,0.345368916797488,0.506269592476489,0.284810126582278,0.788819875776398,0.422535211267606,0.283630470016207,0.471428571428571,0.128410914927769,0.128775834658188,0.625391849529781,0.769480519480519,0.23861852433281,0,0.983792544570502,0.802507836990596,0.338658146964856,0,0.360975609756098,0.782608695652174,0,0.691943127962085,0.237232289950577,0.805825242718447,0,0.12258064516129,0.193236714975845,0,0.783171521035599,0.112135176651306
"16",0.852760736196319,0,0.917057902973396,0.813374805598756,0.502318392581144,0.0429447852760736,0.0031055900621118,0.00612557427258806,0.905864197530864,0.688751926040062,0.658346333853354,0.00156494522691706,0.0235109717868339,0.506349206349206,0.455858747993579,1,0,0.732283464566929,0.915873015873016,0.649918962722853,0.736349453978159,0,0.538931297709924,0.458786936236392,0.00471698113207547,0,0.0173228346456693,0.704615384615385,0.0242792109256449,0.00311526479750779,0.487767584097859,0.600633914421553,0.00974025974025974,0.00478468899521531,0,0,0.16304347826087,0,0.899350649350649,0.940902021772939,0.457463884430177,0.918367346938776,0.93953488372093,0.00316455696202532,0.690658499234303,0.798751950078003,0.0032,0.966153846153846,0.619651347068146,0.643302180685358,0.828967642526965,0.696485623003195,0.795238095238095,0,0.488817891373802,0.228787878787879,0.898573692551506,0,0.90228013029316,0.6864,0.0130505709624796,0.116057233704293,0.7872,0.688291139240506,0.0077639751552795,0.650316455696203,0.733652312599681,0.0031104199066874,0.698083067092652,0.0138036809815951
"17",0,0.819776714513557,0,0,0.00156739811912226,0.456521739130435,0.801550387596899,0.653312788906009,0,0,0.003125,0.6875,0.538102643856921,0.004739336492891,0.0111287758346582,0,1,0,0,0.00321027287319422,0,1,0,0.00933125972006221,0.665086887835703,0.99837925445705,0.587326120556414,0,0.433990895295903,0.605919003115265,0.0804953560371517,0,0.529220779220779,0.505672609400324,0.801916932907348,0.807073954983923,0.258842443729904,0.72360248447205,0,0,0.0145867098865478,0,0,0.742448330683625,0,0.00316455696202532,0.741935483870968,0,0.014018691588785,0.00158478605388273,0,0,0,0.8336,0.00483870967741936,0.198142414860681,0,0.650793650793651,0,0,0.579032258064516,0.300476947535771,0,0,0.591614906832298,0.00314465408805031,0,0.593949044585987,0,0.662613981762918
"18",0.915902140672783,0,0.842356687898089,0.918083462132921,0.220858895705521,0.0107033639143731,0.0121951219512195,0.00596125186289121,0.74,0.415007656967841,0.937019969278034,0.00771604938271605,0.2234375,0.219135802469136,0.190993788819876,0.732283464566929,0,1,0.837209302325581,0.946117274167987,1,0,0.251896813353566,0.193548387096774,0.0107033639143731,0,0.203703703703704,0.433587786259542,0.00600600600600601,0.173780487804878,0.36144578313253,0.328100470957614,0.00637958532695375,0.00950871632329636,0.00627943485086342,0.00157728706624606,0.0138888888888889,0.0762052877138414,0.854604200323102,0.622670807453416,0.19811320754717,0.839009287925697,0.67624810892587,0.0154798761609907,0.4,0.769465648854962,0.0142405063291139,0.714069591527988,0.909509202453988,0.930340557275542,0.541856925418569,0.423622047244094,0.948995363214838,0.0031104199066874,0.199367088607595,0.015220700152207,0.84984520123839,0.13125,0.8272,0.397798742138365,0.193290734824281,0.00791139240506329,0.948470209339775,0.377329192546584,0.189312977099237,0.951788491446345,1,0.188562596599691,0.41287284144427,0.186011904761905
"19",0.9546875,0,0.996774193548387,0.897959183673469,0.401550387596899,0.0170542635658915,0.0046583850931677,0,0.902173913043478,0.587774294670846,0.759259259259259,0.0015600624024961,0.061633281972265,0.397476340694006,0.359098228663446,0.915873015873016,0,0.837209302325581,1,0.763285024154589,0.842857142857143,0,0.427035330261137,0.354134165366615,0.00313971742543171,0,0.0451010886469673,0.597826086956522,0.00151745068285281,0.0185185185185185,0.489197530864198,0.506309148264984,0,0,0,0,0.0992248062015504,0,0.98371335504886,0.81591263650546,0.356340288924559,0.993730407523511,0.846986089644513,0.0047244094488189,0.580745341614907,0.892405063291139,0.0032258064516129,0.884914463452566,0.732612055641422,0.748815165876777,0.718553459119497,0.595505617977528,0.906832298136646,0,0.367047308319739,0.157320872274143,0.9921875,0.00159744408945687,0.996774193548387,0.578947368421053,0.04,0.0628930817610063,0.894389438943894,0.57667731629393,0.0263157894736842,0.757624398073836,0.828711256117455,0.0189873417721519,0.589171974522293,0.0228658536585366
"20",0.832,0.0292682926829268,0.763371150729335,0.84775641025641,0.160572337042925,0.00950871632329636,0.0172955974842767,0.00315457413249211,0.665625,0.350793650793651,1,0.008,0.305466237942122,0.162074554294976,0.131493506493506,0.649918962722853,0.00321027287319422,0.946117274167987,0.763285024154589,1,0.944620253164557,0.00158478605388273,0.198767334360555,0.119162640901771,0.0125391849529781,0,0.292259083728278,0.371294851794072,0.00617283950617284,0.245253164556962,0.314375987361769,0.262642740619902,0.00978792822185971,0.0114754098360656,0.0432692307692308,0.0405186385737439,0.008,0.147672552166934,0.785123966942149,0.539808917197452,0.126853377265239,0.7696,0.588509316770186,0.014218009478673,0.335423197492163,0.6976,0.0165289256198347,0.638801261829653,0.973015873015873,0.993610223642173,0.468051118210863,0.357142857142857,0.894991922455573,0.0337620578778135,0.144951140065147,0.003125,0.782258064516129,0.20327868852459,0.755663430420712,0.333876221498371,0.268333333333333,0.00647249190938511,0.890756302521008,0.320574162679426,0.258675078864353,1,0.944262295081967,0.273162939297125,0.346153846153846,0.25
"21",0.920807453416149,0,0.851910828025478,0.924528301886792,0.229102167182663,0.0061633281972265,0.0061633281972265,0.00462249614791988,0.741538461538462,0.429230769230769,0.934681181959565,0.0031055900621118,0.228615863141524,0.234375,0.193700787401575,0.736349453978159,0,1,0.842857142857143,0.944620253164557,1,0,0.258698940998487,0.181959564541213,0.0062015503875969,0,0.209800918836141,0.435185185185185,0.00152439024390244,0.176923076923077,0.345679012345679,0.330696202531646,0.00161290322580645,0.00473186119873817,0.00476190476190476,0.00157977883096367,0.00480769230769231,0.0729001584786054,0.854098360655738,0.632558139534884,0.191082802547771,0.84375,0.675465838509317,0.0078125,0.405572755417957,0.762633996937213,0.00801282051282051,0.720789074355083,0.90519877675841,0.932496075353218,0.555038759689922,0.428115015974441,0.951713395638629,0.0031201248049922,0.207729468599034,0.00930232558139535,0.850393700787402,0.136075949367089,0.827922077922078,0.399046104928458,0.194847020933977,0.00157728706624606,0.959871589085072,0.382581648522551,0.194144838212635,0.945141065830721,1,0.183098591549296,0.408427876823339,0.181538461538462
"22",0,0.808176100628931,0,0,0.00154798761609907,0.474885844748858,0.795763993948563,0.667678300455235,0,0,0.00151057401812689,0.708074534161491,0.513803680981595,0.00461538461538462,0.00473186119873817,0,1,0,0,0.00158478605388273,0,1,0,0.0060882800608828,0.677621283255086,1,0.568356374807988,0,0.451127819548872,0.591679506933744,0.0805471124620061,0,0.553627760252366,0.525660964230171,0.792452830188679,0.805732484076433,0.280245022970904,0.707430340557275,0,0,0.00630914826498423,0,0,0.733436055469954,0,0,0.741679873217116,0,0.0107033639143731,0.00153846153846154,0,0,0,0.810769230769231,0.0048,0.214723926380368,0,0.627358490566038,0,0,0.5584,0.324492979719189,0,0,0.574923547400612,0.0015600624024961,0,0.5796875,0,0.622356495468278
"23",0.353915662650602,0,0.429012345679012,0.349397590361446,0.984567901234568,0.468277945619335,0.152923538230885,0.298192771084337,0.539969834087481,0.835843373493976,0.18910741301059,0.256568778979907,0,0.97542242703533,0.958268933539413,0.538931297709924,0,0.251896813353566,0.427035330261137,0.198767334360555,0.258698940998487,0,1,0.958456973293769,0.278963414634146,0.0046875,0,0.820627802690583,0.498511904761905,0,0.661218424962853,0.921538461538462,0.410658307210031,0.42967542503864,0,0,0.654434250764526,0,0.418897637795276,0.626888217522659,0.938871473354232,0.426605504587156,0.586989409984871,0.213960546282246,0.845808383233533,0.477477477477477,0.214733542319749,0.561456752655539,0.173978819969743,0.185128983308042,0.706686930091185,0.833841463414634,0.322727272727273,0,0.964560862865948,0.730886850152905,0.407914764079148,0,0.43213728549142,0.84472049689441,0,0.617784711388456,0.296923076923077,0.866043613707165,0,0.169753086419753,0.250384024577573,0,0.848909657320872,0.0813609467455621
"24",0.276661514683153,0,0.340255591054313,0.271604938271605,0.974006116207951,0.550613496932515,0.21319018404908,0.361573373676248,0.465437788018433,0.774390243902439,0.126331811263318,0.325038880248834,0,0.970858895705521,1,0.458786936236392,0.00933125972006221,0.193548387096774,0.354134165366615,0.119162640901771,0.181959564541213,0.0060882800608828,0.958456973293769,1,0.349606299212598,0.0127388535031847,0,0.754887218045113,0.57934131736527,0,0.718223583460949,0.864566929133858,0.496753246753247,0.502384737678855,0,0,0.745736434108527,0,0.342995169082126,0.563271604938272,0.998444790046656,0.345368916797488,0.508371385083714,0.281538461538462,0.784522003034901,0.426356589147287,0.280448717948718,0.476407914764079,0.121538461538462,0.115264797507788,0.638036809815951,0.771384136858476,0.236196319018405,0,0.9796875,0.813533834586466,0.343076923076923,0,0.361464968152866,0.787267080745342,0,0.702492211838006,0.232449297971919,0.807692307692308,0,0.113354037267081,0.17879746835443,0,0.776729559748428,0.111441307578009
"25",0.0108024691358025,0.468998410174881,0.00317460317460317,0.034375,0.303125,0.833078101071976,0.908809891808346,0.970588235294118,0.0458015267175573,0.0984615384615385,0.0107197549770291,1,0.190184049079755,0.303599374021909,0.354066985645933,0.00471698113207547,0.665086887835703,0.0107033639143731,0.00313971742543171,0.0125391849529781,0.0062015503875969,0.677621283255086,0.278963414634146,0.349606299212598,1,0.701923076923077,0.250386398763524,0.0958904109589041,0.791793313069909,0.254211332312404,0.443076923076923,0.185483870967742,0.888,0.869426751592357,0.432646592709984,0.435126582278481,0.6359375,0.34012539184953,0.0113636363636364,0.00473186119873817,0.362760834670947,0.00156985871271586,0.00307219662058372,0.967441860465116,0.108895705521472,0.109567901234568,0.958132045088567,0,0.027906976744186,0.0125588697017268,0.0122324159021407,0.0906200317965024,0.0140405616224649,0.471875,0.328548644338118,0.551145038167939,0.00943396226415094,0.279742765273312,0.00655737704918033,0.1,0.206119162640902,0.681528662420382,0.00818330605564648,0.115625,0.235294117647059,0.0141955835962145,0.00955414012738853,0.228971962616822,0.0987261146496815,0.546153846153846
"26",0,0.79903536977492,0,0.00159744408945687,0.00955414012738853,0.4913112164297,0.820754716981132,0.697305863708399,0,0,0,0.729903536977492,0.512383900928793,0.0157728706624606,0.0180327868852459,0,0.99837925445705,0,0,0,0,1,0.0046875,0.0127388535031847,0.701923076923077,1,0.548183254344392,0,0.473684210526316,0.576802507836991,0.105426356589147,0.00163398692810458,0.559405940594059,0.542207792207792,0.775080906148867,0.78513731825525,0.293269230769231,0.689102564102564,0,0,0.0195758564437194,0,0,0.761526232114467,0,0.00474683544303797,0.757328990228013,0,0.00470957613814757,0,0,0,0,0.800319488817891,0.0243506493506494,0.231378763866878,0,0.623987034035656,0,0,0.544554455445545,0.331715210355987,0,0,0.559241706161137,0,0,0.553429027113238,0,0.641421947449768
"27",0.0917431192660551,0.765163297045101,0.0360501567398119,0.144615384615385,0,0.0633484162895928,0.377099236641221,0.229832572298326,0.0259938837920489,0,0.294027565084227,0.259375,0.976958525345622,0,0,0.0173228346456693,0.587326120556414,0.203703703703704,0.0451010886469673,0.292259083728278,0.209800918836141,0.568356374807988,0,0,0.250386398763524,0.548183254344392,1,0,0.0103397341211226,0.987711213517665,0.0428994082840237,0,0.097444089456869,0.0692913385826772,0.799373040752351,0.798425196850394,0,0.9015625,0.0609951845906902,0,0,0.0496124031007752,0,0.3,0,0.059375,0.295819935691318,0,0.299392097264438,0.302003081664099,0,0,0.157894736842105,0.765625,0,0,0.0509259259259259,0.935331230283912,0.0454545454545455,0,0.985691573926868,0,0.159810126582278,0,0.99537750385208,0.2859375,0.213036565977742,0.990697674418605,0,0.753424657534247
"28",0.534456355283308,0,0.600624024960998,0.496171516079632,0.7947932618683,0.292424242424242,0.00909090909090909,0.124054462934947,0.694864048338369,0.993865030674847,0.367624810892587,0.0801232665639445,0,0.798461538461538,0.75625,0.704615384615385,0,0.433587786259542,0.597826086956522,0.371294851794072,0.435185185185185,0,0.820627802690583,0.754887218045113,0.0958904109589041,0,0,1,0.321375186846039,0,0.486238532110092,0.922600619195046,0.212698412698413,0.252730109204368,0,0,0.476923076923077,0,0.578274760383387,0.802180685358255,0.740566037735849,0.605828220858896,0.771300448430493,0.0489296636085627,0.981818181818182,0.542944785276074,0.0427215189873418,0.730474732006126,0.332307692307692,0.356060606060606,0.89409984871407,1,0.466973886328725,0,0.774647887323944,0.540909090909091,0.575384615384615,0,0.588328075709779,0.993680884676145,0,0.432558139534884,0.480499219968799,0.978461538461538,0,0.349693251533742,0.418238993710692,0,0.993808049535604,0.00595238095238095
"29",0.00449101796407186,0.238532110091743,0.00303490136570561,0.0212443095599393,0.529940119760479,0.956521739130435,0.65037037037037,0.820208023774146,0.0786350148367952,0.330827067669173,0.00894187779433681,0.784431137724551,0.00151057401812689,0.521936459909228,0.578783151326053,0.0242792109256449,0.433990895295903,0.00600600600600601,0.00151745068285281,0.00617283950617284,0.00152439024390244,0.451127819548872,0.498511904761905,0.57934131736527,0.791793313069909,0.473684210526316,0.0103397341211226,0.321375186846039,1,0.0253353204172876,0.528888888888889,0.413476263399694,0.935736677115988,0.961360123647604,0.200913242009132,0.205882352941176,0.878378378378378,0.109939759036145,0.00958466453674121,0.0927051671732523,0.575572519083969,0.00152905198776758,0.0644677661169415,0.747368421052632,0.335338345864662,0.101208459214502,0.736517719568567,0.0324483775811209,0.0196078431372549,0.00750750750750751,0.18628912071535,0.309923664122137,0.00910470409711684,0.234567901234568,0.560747663551402,0.802962962962963,0.00769230769230769,0.0737327188940092,0.0061633281972265,0.33693972179289,0.00470957613814757,0.912442396313364,0.00625,0.35660091047041,0.0148148148148148,0.00914634146341463,0.00623052959501558,0.0182370820668693,0.32258064516129,0.285081240768095
"30",0.0688073394495413,0.805732484076433,0.0125588697017268,0.10625,0,0.0738461538461539,0.389649923896499,0.240181268882175,0.0137404580152672,0,0.25,0.26502311248074,0.969040247678019,0,0,0.00311526479750779,0.605919003115265,0.173780487804878,0.0185185185185185,0.245253164556962,0.176923076923077,0.591679506933744,0,0,0.254211332312404,0.576802507836991,0.987711213517665,0,0.0253353204172876,1,0.0255639097744361,0,0.121359223300971,0.0871632329635499,0.823161189358372,0.82992125984252,0,0.926267281105991,0.0293637846655791,0,0,0.0230769230769231,0,0.317829457364341,0,0.033434650455927,0.319685039370079,0,0.260736196319018,0.259659969088099,0,0,0.118380062305296,0.803100775193798,0,0,0.0246913580246914,0.977987421383648,0.0223642172523962,0,0.982371794871795,0,0.123993558776167,0,0.998470948012232,0.252679938744257,0.186520376175549,1,0,0.76103500761035
"31",0.423135464231355,0.0545171339563863,0.432766615146832,0.48159509202454,0.67616191904048,0.558734939759036,0.315868263473054,0.462574850299401,0.588502269288956,0.481315396113602,0.323216995447648,0.41358024691358,0.036697247706422,0.698924731182796,0.717557251908397,0.487767584097859,0.0804953560371517,0.36144578313253,0.489197530864198,0.314375987361769,0.345679012345679,0.0805471124620061,0.661218424962853,0.718223583460949,0.443076923076923,0.105426356589147,0.0428994082840237,0.486238532110092,0.528888888888889,0.0255639097744361,1,0.576802507836991,0.513888888888889,0.517080745341615,0.0315955766192733,0.0381558028616852,0.626524390243902,0.0122137404580153,0.484177215189873,0.438759689922481,0.741085271317829,0.432721712538226,0.427710843373494,0.378787878787879,0.502994011976048,0.591185410334346,0.392912172573189,0.424012158054711,0.328725038402458,0.299694189602446,0.374045801526718,0.467084639498433,0.429429429429429,0.0579029733959311,0.70404984423676,0.607305936073059,0.468085106382979,0.025,0.460093896713615,0.489164086687306,0.0204081632653061,0.602465331278891,0.381180223285486,0.515290519877676,0.0306278713629403,0.312210200927357,0.356143079315708,0.021671826625387,0.478193146417445,0.179910044977511
"32",0.436102236421725,0,0.498392282958199,0.413629160063391,0.884676145339652,0.389937106918239,0.0744186046511628,0.214285714285714,0.636792452830189,0.932601880877743,0.256651017214397,0.156398104265403,0,0.89297124600639,0.858075040783034,0.600633914421553,0,0.328100470957614,0.506309148264984,0.262642740619902,0.330696202531646,0,0.921538461538462,0.864566929133858,0.185483870967742,0.00163398692810458,0,0.922600619195046,0.413476263399694,0,0.576802507836991,1,0.309328968903437,0.34991974317817,0,0,0.580031695721078,0,0.488448844884488,0.706161137440758,0.849757673667205,0.504746835443038,0.662460567823344,0.140350877192982,0.933544303797468,0.556782334384858,0.139384116693679,0.642072213500785,0.250793650793651,0.251572327044025,0.803149606299213,0.924679487179487,0.375,0,0.867213114754098,0.654743390357698,0.485086342229199,0,0.519543973941368,0.941935483870968,0,0.537216828478964,0.373572593800979,0.949044585987261,0,0.237560192616372,0.324717285945073,0,0.930756843800322,0.0527131782945736
"33",0.00476190476190476,0.319604612850082,0,0.0224719101123595,0.432520325203252,0.966613672496025,0.771428571428571,0.921221864951768,0.0532915360501567,0.231259968102073,0.00940438871473354,0.889776357827476,0.056,0.439739413680782,0.49185667752443,0.00974025974025974,0.529220779220779,0.00637958532695375,0,0.00978792822185971,0.00161290322580645,0.553627760252366,0.410658307210031,0.496753246753247,0.888,0.559405940594059,0.097444089456869,0.212698412698413,0.935736677115988,0.121359223300971,0.513888888888889,0.309328968903437,1,1,0.285714285714286,0.274834437086093,0.79344262295082,0.195826645264847,0.00844594594594595,0.0274636510500808,0.486970684039088,0,0.0191387559808612,0.849757673667205,0.221864951768489,0.0932069510268562,0.846655791190865,0.0062992125984252,0.0239234449760766,0.00798722044728434,0.0912,0.220563847429519,0.00972447325769854,0.335504885993485,0.461663947797716,0.722929936305732,0.00478468899521531,0.145454545454545,0.00163132137030995,0.24025974025974,0.0723905723905724,0.837171052631579,0.00504201680672269,0.249185667752443,0.0933544303797468,0.00985221674876847,0.00821018062397373,0.1056,0.217886178861789,0.384259259259259
"34",0.00788643533123028,0.304347826086957,0,0.0251177394034537,0.460191082802548,0.973561430793157,0.727987421383648,0.883280757097792,0.0557275541795666,0.266770670826833,0.0108191653786708,0.851437699680511,0.0326086956521739,0.46422893481717,0.51294498381877,0.00478468899521531,0.505672609400324,0.00950871632329636,0,0.0114754098360656,0.00473186119873817,0.525660964230171,0.42967542503864,0.502384737678855,0.869426751592357,0.542207792207792,0.0692913385826772,0.252730109204368,0.961360123647604,0.0871632329635499,0.517080745341615,0.34991974317817,1,1,0.274760383386581,0.262642740619902,0.812199036918138,0.185419968304279,0.00829187396351575,0.0253968253968254,0.498366013071895,0,0.0157728706624606,0.814285714285714,0.272292993630573,0.0933544303797468,0.809135399673736,0.00314465408805031,0.021875,0.0110584518167457,0.109177215189873,0.256535947712418,0.0128,0.312599681020734,0.47588424437299,0.742990654205608,0.00801282051282051,0.137318255250404,0.00490196078431373,0.271544715447154,0.0447761194029851,0.854166666666667,0.00810372771474878,0.275806451612903,0.0786163522012579,0.0128824476650564,0.0112903225806452,0.0717628705148206,0.251612903225806,0.352941176470588
"35",0,0.995121951219512,0,0.00158982511923688,0,0.236391912908243,0.546439628482972,0.427244582043344,0,0,0.0544323483670296,0.452978056426332,0.782945736434108,0,0,0,0.801916932907348,0.00627943485086342,0,0.0432692307692308,0.00476190476190476,0.792452830188679,0,0,0.432646592709984,0.775080906148867,0.799373040752351,0,0.200913242009132,0.823161189358372,0.0315955766192733,0,0.285714285714286,0.274760383386581,1,1,0.0566037735849057,0.930599369085173,0,0,0,0,0,0.4859375,0,0,0.494308943089431,0,0.0643642072213501,0.0602218700475436,0,0,0.00157232704402516,0.998415213946117,0,0.0109375,0,0.87378640776699,0,0,0.805194805194805,0.0956937799043062,0,0,0.816901408450704,0.0528846153846154,0.00641025641025641,0.820349761526232,0,0.562790697674419
"36",0,0.991869918699187,0,0.00161812297734628,0,0.226917057902973,0.552425665101721,0.423622047244094,0,0,0.0507936507936508,0.458466453674121,0.793322734499205,0,0,0,0.807073954983923,0.00157728706624606,0,0.0405186385737439,0.00157977883096367,0.805732484076433,0,0,0.435126582278481,0.78513731825525,0.798425196850394,0,0.205882352941176,0.82992125984252,0.0381558028616852,0,0.274834437086093,0.262642740619902,1,1,0.0593900481540931,0.919093851132686,0,0,0,0,0,0.491255961844197,0,0,0.496677740863787,0,0.0603174603174603,0.0514469453376206,0,0,0.0016025641025641,0.995081967213115,0,0.0110236220472441,0,0.872727272727273,0,0,0.802610114192496,0.0953150242326333,0,0,0.817610062893082,0.0479233226837061,0.0016366612111293,0.820063694267516,0,0.553846153846154
"37",0.0573643410852713,0.0777777777777778,0.0692913385826772,0.078003120124805,0.680555555555556,0.845801526717557,0.500765696784073,0.646341463414634,0.193798449612403,0.49613601236476,0.0108191653786708,0.631496062992126,0,0.700949367088608,0.738924050632911,0.16304347826087,0.258842443729904,0.0138888888888889,0.0992248062015504,0.008,0.00480769230769231,0.280245022970904,0.654434250764526,0.745736434108527,0.6359375,0.293269230769231,0,0.476923076923077,0.878378378378378,0,0.626524390243902,0.580031695721078,0.79344262295082,0.812199036918138,0.0566037735849057,0.0593900481540931,1,0.0094488188976378,0.100649350649351,0.259316770186335,0.745627980922099,0.0877742946708464,0.224615384615385,0.585714285714286,0.50381679389313,0.187306501547988,0.579545454545455,0.169491525423729,0.0202177293934681,0.00933125972006221,0.357361963190184,0.485576923076923,0.05320813771518,0.0727848101265823,0.709728867623604,0.947852760736196,0.0890625,0.00319488817891374,0.100158982511924,0.500805152979066,0,0.980769230769231,0.0271132376395534,0.511182108626198,0,0.0109204368174727,0.0144927536231884,0,0.492776886035313,0.230061349693252
"38",0.00461538461538462,0.898412698412698,0,0.0361635220125786,0,0.155963302752294,0.483568075117371,0.322678843226788,0,0,0.147058823529412,0.349529780564263,0.877551020408163,0,0,0,0.72360248447205,0.0762052877138414,0,0.147672552166934,0.0729001584786054,0.707430340557275,0,0,0.34012539184953,0.689102564102564,0.9015625,0,0.109939759036145,0.926267281105991,0.0122137404580153,0,0.195826645264847,0.185419968304279,0.930599369085173,0.919093851132686,0.0094488188976378,1,0.00327868852459016,0,0,0,0,0.406542056074766,0,0,0.41091492776886,0,0.1671875,0.152777777777778,0,0,0.0361635220125786,0.907086614173228,0,0,0,0.952456418383518,0,0,0.902555910543131,0.0236593059936909,0.0208,0,0.927899686520376,0.1408,0.0814696485623003,0.924148606811146,0,0.681047765793529
